1	1140.296
2	1140.9
3	1140.825
4	1141.142
5	1140.749
6	1141.218
7	1140.931
8	1140.644
9	1140.296
10	1140.039
11	1140.085
12	1139.888
13	1139.752
14	1139.888
15	1139.329
16	1138.74
17	1138.574
18	1138.06
19	1137.819
20	1137.124
21	1136.55
22	1136.429
23	1135.749
24	1134.964
25	1134.888
26	1134.525
27	1133.604
28	1133.438
29	1133.015
30	1132.516
31	1132.562
32	1132.411
33	1132.426
34	1131.429
35	1131.398
36	1130.824
37	1130.824
38	1129.888
39	1129.616
40	1130.175
41	1129.797
42	1129.193
43	1128.875
44	1128.875
45	1128.649
46	1127.607
47	1127.063
48	1127.108
49	1127.108
50	1126.549
51	1126.277
52	1125.688
53	1124.872
54	1124.555
55	1124.147
56	1123.694
57	1123.316
58	1122.259
59	1121.534
60	1121.67
61	1121.579
62	1120.778
63	1120.688
64	1120.008
65	1119.66
66	1119.842
67	1118.95
68	1118.618
69	1118.089
70	1117.425
71	1116.82
72	1116.428
73	1115.703
74	1114.826
75	1114.343
76	1114.192
77	1113.965
78	1113.225
79	1113.512
80	1113.24
81	1113.074
82	1112.53
83	1112.394
84	1112.53
85	1111.986
86	1111.624
87	1111.986
88	1111.503
89	1111.443
90	1111.443
91	1111.307
92	1110.823
93	1110.581
94	1110.234
95	1109.72
96	1108.497
97	1107.923
98	1107.847
99	1106.986
100	1106.231
101	1105.823
102	1105.143
103	1104.811
104	1104.206
105	1103.33
106	1102.877
107	1102.892
108	1102.333
109	1102.514
110	1102.575
111	1101.699
112	1101.623
113	1100.868
114	1100.505
115	1100.777
116	1100.46
117	1100.279
118	1100.475
119	1099.735
120	1099.765
121	1099.342
122	1099.04
123	1098.874
124	1098.647
125	1098.557
126	1098.088
127	1097.922
128	1097.091
129	1096.608
130	1096.366
131	1096.155
132	1095.535
133	1096.079
134	1095.339
135	1095.671
136	1095.172
137	1095.339
138	1094.84
139	1094.447
140	1094.719
141	1093.843
142	1093.209
143	1093.586
144	1093.088
145	1092.846
146	1092.71
147	1092.604
148	1092.136
149	1092.227
150	1091.366
151	1091.169
152	1090.505
153	1090.263
154	1089.628
155	1089.19
156	1088.964
157	1088.465
158	1088.571
159	1088.405
160	1088.435
161	1088.465
162	1088.269
163	1087.967
164	1087.74
165	1086.985
166	1086.471
167	1086.184
168	1085.399
169	1085.565
170	1085.247
171	1084.809
172	1084.643
173	1084.281
174	1083.253
175	1083.102
176	1082.861
177	1082.861
178	1083.178
179	1082.755
180	1082.906
181	1082.256
182	1082.634
183	1082.755
184	1082.09
185	1082.09
186	1081.622
187	1081.244
188	1081.199
189	1080.867
190	1080.67
191	1080.111
192	1079.688
193	1079.885
194	1079.401
195	1078.888
196	1079.371
197	1078.963
198	1078.857
199	1078.57
200	1078.117
201	1078.238
202	1078.253
203	1077.286
204	1076.637
205	1076.984
206	1076.773
207	1076.138
208	1076.863
209	1076.078
210	1075.957
211	1076.183
212	1075.549
213	1075.912
214	1075.156
215	1075.202
216	1075.277
217	1075.02
218	1075.096
219	1074.159
220	1073.872
221	1073.328
222	1072.936
223	1072.845
224	1072.694
225	1072.845
226	1072.543
227	1072.437
228	1071.697
229	1072.044
230	1071.682
231	1071.259
232	1071.546
233	1071.274
234	1071.062
235	1071.168
236	1071.093
237	1070.76
238	1070.926
239	1070.836
240	1070.186
241	1069.854
242	1069.355
243	1068.902
244	1068.343
245	1068.479
246	1068.585
247	1068.358
248	1067.996
249	1067.467
250	1067.633
251	1067.542
252	1067.104
253	1067.286
254	1067.15
255	1066.772
256	1066.304
257	1066.636
258	1066.742
259	1066.228
260	1065.654
261	1065.699
262	1065.216
263	1065.911
264	1065.427
265	1065.186
266	1065.473
267	1065.125
268	1064.461
269	1064.793
270	1064.34
271	1064.083
272	1064.415
273	1064.234
274	1063.494
275	1063.328
276	1063.328
277	1063.403
278	1063.071
279	1062.346
280	1062.285
281	1062.3
282	1061.908
283	1061.983
284	1061.379
285	1061.394
286	1060.805
287	1060.684
288	1060.669
289	1064.113
290	1064.068
291	1062.149
292	1061.243
293	1060.427
294	1059.883
295	1059.536
296	1058.841
297	1058.539
298	1058.222
299	1057.768
300	1058.116
301	1057.98
302	1057.678
303	1057.074
304	1057.27
305	1056.953
306	1057.043
307	1057.421
308	1057.104
309	1057.663
310	1057.904
311	1058.131
312	1058.101
313	1058.025
314	1057.632
315	1057.859
316	1057.421
317	1057.209
318	1056.711
319	1056.545
320	1055.608
321	1055.563
322	1055.095
323	1054.747
324	1054.596
325	1054.536
326	1053.931
327	1053.66
328	1054.173
329	1053.795
330	1053.886
331	1053.78
332	1054.022
333	1053.901
334	1053.69
335	1053.403
336	1053.433
337	1053.025
338	1053.388
339	1053.75
340	1053.72
341	1053.614
342	1054.052
343	1053.871
344	1053.66
345	1053.962
346	1053.554
347	1053.04
348	1052.949
349	1052.647
350	1053.176
351	1052.587
352	1052.375
353	1053.101
354	1052.557
355	1052.995
356	1052.859
357	1052.753
358	1052.481
359	1052.632
360	1052.466
361	1052.33
362	1052.179
363	1051.484
364	1051.227
365	1051.122
366	1050.396
367	1050.26
368	1049.807
369	1049.46
370	1049.43
371	1049.173
372	1049.233
373	1049.732
374	1050.049
375	1049.702
376	1049.702
377	1049.535
378	1049.233
379	1048.871
380	1048.886
381	1048.357
382	1048.538
383	1048.161
384	1047.768
385	1047.632
386	1047.602
387	1047.224
388	1047.269
389	1046.605
390	1046.423
391	1046.393
392	1046.031
393	1046.333
394	1046.363
395	1046.363
396	1046.62
397	1046.544
398	1046.363
399	1046.635
400	1046.741
401	1046.529
402	1045.985
403	1045.925
404	1046.046
405	1045.91
406	1045.441
407	1045.17
408	1045.275
409	1045.17
410	1044.762
411	1044.777
412	1044.807
413	1044.716
414	1044.716
415	1044.837
416	1044.716
417	1044.565
418	1044.656
419	1044.686
420	1044.369
421	1044.399
422	1044.263
423	1044.369
424	1043.78
425	1043.976
426	1043.538
427	1044.021
428	1043.538
429	1043.432
430	1043.296
431	1043.085
432	1042.949
433	1043.04
434	1042.48
435	1042.873
436	1042.435
437	1042.057
438	1041.922
439	1042.027
440	1041.861
441	1041.967
442	1041.967
443	1041.62
444	1040.894
445	1041.665
446	1041.151
447	1040.955
448	1040.804
449	1041.665
450	1041.529
451	1041.574
452	1041.393
453	1041.529
454	1041.695
455	1041.65
456	1046.091
457	1047.194
458	1045.29
459	1042.798
460	1040.743
461	1040.502
462	1039.58
463	1039.354
464	1038.16
465	1037.48
466	1036.075
467	1036.196
468	1035.954
469	1036.453
470	1036.317
471	1036.498
472	1037.118
473	1037.541
474	1037.707
475	1037.903
476	1037.692
477	1038.16
478	1037.526
479	1037.677
480	1037.707
481	1037.948
482	1037.677
483	1037.994
484	1037.752
485	1037.39
486	1037.359
487	1037.888
488	1038.13
489	1038.084
490	1038.311
491	1038.341
492	1038.538
493	1038.674
494	1038.311
495	1038.613
496	1038.734
497	1038.115
498	1038.069
499	1037.616
500	1037.541
501	1037.495
502	1037.767
503	1037.284
504	1037.329
505	1037.269
506	1037.208
507	1037.254
508	1036.755
509	1037.088
510	1037.118
511	1036.619
512	1036.03
513	1035.728
514	1036.045
515	1036.06
516	1035.562
517	1035.682
518	1036.106
519	1035.486
520	1035.969
521	1035.758
522	1035.728
523	1035.667
524	1035.365
525	1035.547
526	1035.184
527	1035.32
528	1035.033
529	1034.716
530	1034.867
531	1034.686
532	1034.731
533	1034.096
534	1034.444
535	1034.157
536	1034.187
537	1034.187
538	1034.746
539	1034.006
540	1034.519
541	1033.809
542	1034.111
543	1033.462
544	1033.885
545	1033.719
546	1033.522
547	1033.688
548	1033.688
549	1033.658
550	1033.598
551	1033.507
552	1033.643
553	1033.583
554	1033.326
555	1032.903
556	1032.54
557	1032.253
558	1032.707
559	1032.404
560	1031.83
561	1032.102
562	1031.574
563	1031.981
564	1031.861
565	1032.072
566	1031.876
567	1031.966
568	1031.906
569	1032.072
570	1032.102
571	1032.404
572	1032.54
573	1032.495
574	1032.435
575	1032.359
576	1032.268
577	1032.737
578	1032.344
579	1031.528
580	1031.664
581	1031.891
582	1031.709
583	1031.392
584	1031.513
585	1031.543
586	1031.951
587	1032.042
588	1031.422
589	1031.286
590	1031.528
591	1031.468
592	1031.438
593	1031
594	1031.392
595	1031.196
596	1031.558
597	1030.939
598	1030.848
599	1030.743
600	1030.425
601	1030.697
602	1030.531
603	1030.561
604	1030.682
605	1030.335
606	1030.531
607	1030.395
608	1029.957
609	1030.078
610	1029.761
611	1029.625
612	1030.033
613	1029.715
614	1029.791
615	1029.413
616	1029.443
617	1029.323
618	1029.459
619	1029.081
620	1029.504
621	1029.67
622	1029.489
623	1028.96
624	1029.549
625	1029.262
626	1029.005
627	1029.353
628	1029.217
629	1029.64
630	1029.398
631	1029.277
632	1029.338
633	1029.262
634	1028.87
635	1029.232
636	1029.036
637	1029.066
638	1028.96
639	1028.945
640	1028.311
641	1028.658
642	1028.658
643	1028.295
644	1028.628
645	1028.19
646	1028.129
647	1027.767
648	1028.326
649	1028.069
650	1028.008
651	1028.008
652	1027.797
653	1027.857
654	1027.812
655	1027.268
656	1028.28
657	1028.462
658	1028.764
659	1028.809
660	1029.066
661	1028.673
662	1028.129
663	1028.507
664	1028.069
665	1028.069
666	1027.706
667	1027.857
668	1027.872
669	1027.691
670	1028.039
671	1027.827
672	1028.054
673	1027.918
674	1027.449
675	1027.752
676	1026.996
677	1027.389
678	1027.283
679	1027.042
680	1026.996
681	1026.558
682	1026.226
683	1026.377
684	1027.011
685	1026.513
686	1026.83
687	1026.604
688	1026.407
689	1026.332
690	1026.241
691	1026.573
692	1026.15
693	1026.226
694	1026.075
695	1026.105
696	1026.256
697	1026.588
698	1026.165
699	1025.969
700	1025.516
701	1025.425
702	1025.168
703	1025.516
704	1025.38
705	1024.791
706	1025.108
707	1024.383
708	1024.776
709	1024.685
710	1025.032
711	1024.73
712	1024.594
713	1024.911
714	1024.715
715	1024.126
716	1024.67
717	1024.156
718	1024.096
719	1024.156
720	1024.337
721	1024.685
722	1023.899
723	1024.292
724	1023.96
725	1024.458
726	1024.428
727	1024.322
728	1024.655
729	1024.791
730	1024.64
731	1024.579
732	1024.534
733	1024.489
734	1024.564
735	1024.473
736	1024.836
737	1024.519
738	1024.473
739	1024.64
740	1024.73
741	1024.579
742	1024.368
743	1024.519
744	1024.655
745	1024.171
746	1024.066
747	1023.748
748	1024.02
749	1023.884
750	1023.492
751	1023.507
752	1023.325
753	1023.476
754	1023.355
755	1023.461
756	1023.597
757	1023.703
758	1023.763
759	1023.416
760	1023.688
761	1023.612
762	1023.552
763	1023.824
764	1023.25
765	1023.099
766	1022.676
767	1022.842
768	1022.555
769	1022.51
770	1022.661
771	1022.57
772	1022.872
773	1022.525
774	1022.948
775	1023.038
776	1022.842
777	1023.34
778	1023.129
779	1022.781
780	1023.053
781	1022.706
782	1022.525
783	1022.585
784	1022.087
785	1022.63
786	1022.887
787	1022.57
788	1022.751
789	1022.57
790	1022.479
791	1022.147
792	1021.784
793	1022.056
794	1021.648
795	1021.618
796	1021.497
797	1021.452
798	1021.83
799	1021.603
800	1021.09
801	1021.513
802	1021.996
803	1022.51
804	1022.071
805	1022.479
806	1022.691
807	1022.479
808	1022.63
809	1022.691
810	1022.041
811	1022.51
812	1022.223
813	1022.419
814	1021.905
815	1021.845
816	1021.709
817	1021.588
818	1021.316
819	1021.679
820	1021.83
821	1021.875
822	1021.482
823	1020.878
824	1021.467
825	1021.603
826	1021.392
827	1021.724
828	1021.754
829	1021.815
830	1022.026
831	1022.358
832	1021.845
833	1021.845
834	1022.207
835	1021.21
836	1020.969
837	1021.09
838	1020.757
839	1020.092
840	1020.712
841	1020.213
842	1020.032
843	1020.017
844	1020.228
845	1020.047
846	1020.742
847	1020.395
848	1020.304
849	1020.606
850	1020.304
851	1020.712
852	1020.818
853	1020.198
854	1020.304
855	1020.47
856	1020.334
857	1020.289
858	1020.364
859	1019.987
860	1019.745
861	1019.488
862	1020.017
863	1019.76
864	1019.79
865	1020.108
866	1019.956
867	1019.413
868	1019.956
869	1019.911
870	1019.881
871	1020.274
872	1020.183
873	1019.821
874	1019.579
875	1019.79
876	1019.715
877	1019.972
878	1019.866
879	1019.941
880	1019.805
881	1019.398
882	1019.141
883	1019.79
884	1019.322
885	1019.549
886	1019.473
887	1019.534
888	1019.609
889	1019.443
890	1019.247
891	1019.594
892	1019.564
893	1018.793
894	1019.216
895	1019.171
896	1018.944
897	1019.201
898	1019.02
899	1019.609
900	1019.685
901	1019.126
902	1018.688
903	1019.005
904	1018.582
905	1018.642
906	1018.839
907	1018.884
908	1018.688
909	1019.111
910	1019.79
911	1019.322
912	1019.126
913	1019.126
914	1019.518
915	1018.688
916	1018.688
917	1019.156
918	1019.005
919	1018.521
920	1018.763
921	1018.597
922	1018.234
923	1018.703
924	1018.854
925	1018.944
926	1018.914
927	1018.733
928	1019.111
929	1019.005
930	1019.639
931	1019.564
932	1019.594
933	1019.564
934	1019.609
935	1019.277
936	1018.929
937	1018.718
938	1018.521
939	1018.401
940	1019.231
941	1018.491
942	1018.959
943	1019.05
944	1019.201
945	1019.428
946	1019.821
947	1020.002
948	1019.881
949	1019.382
950	1019.73
951	1019.488
952	1018.552
953	1018.159
954	1017.993
955	1017.69
956	1017.404
957	1017.585
958	1017.585
959	1017.524
960	1017.962
961	1017.857
962	1018.31
963	1017.766
964	1018.355
965	1018.219
966	1018.552
967	1017.978
968	1018.008
969	1017.781
970	1017.645
971	1017.6
972	1017.162
973	1017.585
974	1017.6
975	1017.524
976	1017.313
977	1017.192
978	1017.6
979	1017.494
980	1017.57
981	1017.857
982	1018.189
983	1017.751
984	1018.189
985	1018.249
986	1018.808
987	1018.657
988	1018.491
989	1018.808
990	1018.582
991	1018.234
992	1017.555
993	1017.69
994	1017.842
995	1017.645
996	1016.996
997	1017.283
998	1017.101
999	1016.784
1000	1017.237
1001	1017.298
1002	1017.675
1003	1016.935
1004	1017.902
1005	1017.978
1006	1017.615
1007	1017.222
1008	1016.905
1009	1017.645
1010	1017.177
1011	1017.147
1012	1017.071
1013	1017.026
1014	1017.555
1015	1017.071
1016	1017.222
1017	1017.207
1018	1017.177
1019	1017.237
1020	1017.177
1021	1017.132
1022	1016.996
1023	1017.071
1024	1017.66
1025	1017.66
1026	1017.162
1027	1017.57
1028	1017.736
1029	1017.811
1030	1017.811
1031	1017.736
1032	1017.539
1033	1016.89
1034	1016.86
1035	1016.799
1036	1016.21
1037	1016.089
1038	1016.225
1039	1016.316
1040	1016.603
1041	1016.527
1042	1017.147
1043	1017.404
1044	1016.814
1045	1016.784
1046	1016.678
1047	1017.298
1048	1016.739
1049	1016.829
1050	1017.343
1051	1017.071
1052	1016.693
1053	1016.829
1054	1016.709
1055	1016.558
1056	1016.588
1057	1016.845
1058	1017.509
1059	1017.419
1060	1017.177
1061	1017.086
1062	1017.041
1063	1017.404
1064	1016.829
1065	1016.588
1066	1016.527
1067	1016.376
1068	1016.467
1069	1015.968
1070	1016.467
1071	1016.044
1072	1016.029
1073	1016.346
1074	1016.225
1075	1015.727
1076	1016.286
1077	1015.968
1078	1015.696
1079	1016.014
1080	1015.606
1081	1015.968
1082	1016.346
1083	1016.497
1084	1016.135
1085	1016.195
1086	1016.059
1087	1015.999
1088	1016.437
1089	1015.968
1090	1015.908
1091	1015.681
1092	1015.56
1093	1015.47
1094	1015.742
1095	1016.21
1096	1015.47
1097	1015.545
1098	1015.304
1099	1015.334
1100	1015.364
1101	1015.273
1102	1015.424
1103	1015.122
1104	1014.956
1105	1015.319
1106	1015.545
1107	1015.772
1108	1015.727
1109	1016.014
1110	1015.485
1111	1015.923
1112	1016.074
1113	1016.21
1114	1015.56
1115	1016.119
1116	1016.437
1117	1016.346
1118	1016.376
1119	1016.527
1120	1016.059
1121	1016.255
1122	1016.542
1123	1016.86
1124	1016.286
1125	1016.573
1126	1016.195
1127	1016.044
1128	1016.044
1129	1015.923
1130	1015.847
1131	1016.104
1132	1016.603
1133	1016.769
1134	1016.135
1135	1016.21
1136	1015.878
1137	1016.24
1138	1015.953
1139	1016.029
1140	1015.681
1141	1015.817
1142	1015.893
1143	1016.417
1144	1016.437
1145	1016.693
1146	1016.693
1147	1016.754
1148	1016.648
1149	1016.633
1150	1016.588
1151	1016.059
1152	1016.18
1153	1016.014
1154	1015.772
1155	1015.107
1156	1014.412
1157	1015.017
1158	1014.881
1159	1014.76
1160	1015.47
1161	1015.953
1162	1015.379
1163	1015.485
1164	1015.289
1165	1014.669
1166	1014.594
1167	1014.986
1168	1015.228
1169	1015.077
1170	1015.289
1171	1014.745
1172	1014.579
1173	1014.76
1174	1014.654
1175	1014.896
1176	1015.092
1177	1014.82
1178	1014.775
1179	1015.183
1180	1015.077
1181	1015.349
1182	1015.455
1183	1015.515
1184	1015.243
1185	1015.576
1186	1015.621
1187	1015.53
1188	1015.153
1189	1015.319
1190	1014.896
1191	1015.409
1192	1015.5
1193	1015.772
1194	1015.832
1195	1016.195
1196	1016.165
1197	1015.742
1198	1016.165
1199	1016.406
1200	1016.18
1201	1015.455
1202	1015.651
1203	1015.938
1204	1015.832
1205	1015.681
1206	1015.077
1207	1015.53
1208	1015.137
1209	1015.485
1210	1015.364
1211	1015.122
1212	1015.56
1213	1015.424
1214	1015.289
1215	1015.062
1216	1014.85
1217	1015.107
1218	1015.636
1219	1015.545
1220	1015.651
1221	1015.606
1222	1016.467
1223	1016.271
1224	1016.104
1225	1016.15
1226	1015.893
1227	1015.847
1228	1015.606
1229	1015.289
1230	1015.107
1231	1014.79
1232	1015.228
1233	1014.866
1234	1015.002
1235	1014.76
1236	1014.624
1237	1015.122
1238	1015.062
1239	1015.032
1240	1014.82
1241	1014.488
1242	1014.216
1243	1014.08
1244	1014.231
1245	1014.08
1246	1014.201
1247	1014.533
1248	1014.956
1249	1015.349
1250	1015.711
1251	1015.666
1252	1015.304
1253	1015.077
1254	1015.198
1255	1015.168
1256	1015.289
1257	1014.79
1258	1014.926
1259	1014.971
1260	1014.866
1261	1014.941
1262	1015.258
1263	1014.79
1264	1014.896
1265	1014.881
1266	1015.002
1267	1014.79
1268	1014.579
1269	1014.775
1270	1014.609
1271	1014.624
1272	1014.866
1273	1015.334
1274	1014.881
1275	1014.639
1276	1014.82
1277	1015.017
1278	1014.654
1279	1014.337
1280	1014.775
1281	1014.82
1282	1014.352
1283	1013.869
1284	1014.307
1285	1013.989
1286	1014.352
1287	1014.08
1288	1014.307
1289	1014.382
1290	1014.08
1291	1014.065
1292	1013.748
1293	1013.808
1294	1013.959
1295	1013.793
1296	1013.778
1297	1013.778
1298	1013.929
1299	1013.959
1300	1013.974
1301	1014.005
1302	1014.337
1303	1014.337
1304	1014.684
1305	1014.684
1306	1014.382
1307	1014.005
1308	1014.412
1309	1014.322
1310	1013.808
1311	1014.382
1312	1014.412
1313	1014.05
1314	1013.582
1315	1014.156
1316	1014.624
1317	1014.412
1318	1014.533
1319	1014.85
1320	1014.911
1321	1014.85
1322	1015.047
1323	1015.047
1324	1015.017
1325	1015.409
1326	1015.258
1327	1015.198
1328	1014.76
1329	1014.971
1330	1014.745
1331	1014.76
1332	1014.518
1333	1014.322
1334	1013.944
1335	1013.959
1336	1014.02
1337	1013.763
1338	1013.929
1339	1014.156
1340	1013.944
1341	1014.443
1342	1014.201
1343	1014.443
1344	1014.352
1345	1014.639
1346	1014.156
1347	1014.533
1348	1014.05
1349	1013.717
1350	1013.627
1351	1013.385
1352	1013.355
1353	1013.446
1354	1013.31
1355	1013.219
1356	1013.31
1357	1013.083
1358	1013.279
1359	1013.37
1360	1013.989
1361	1014.412
1362	1014.775
1363	1014.926
1364	1014.261
1365	1014.699
1366	1014.322
1367	1014.035
1368	1014.367
1369	1014.337
1370	1014.669
1371	1014.11
1372	1014.307
1373	1014.216
1374	1014.443
1375	1014.201
1376	1014.276
1377	1014.609
1378	1014.881
1379	1014.639
1380	1014.609
1381	1014.05
1382	1013.763
1383	1013.37
1384	1013.582
1385	1013.536
1386	1013.491
1387	1013.294
1388	1013.536
1389	1013.174
1390	1013.083
1391	1012.977
1392	1012.705
1393	1013.249
1394	1013.566
1395	1013.551
1396	1013.521
1397	1013.143
1398	1013.476
1399	1013.083
1400	1013.234
1401	1013.159
1402	1013.415
1403	1013.264
1404	1013.597
1405	1013.31
1406	1013.083
1407	1012.902
1408	1012.766
1409	1012.992
1410	1013.385
1411	1013.415
1412	1013.717
1413	1013.899
1414	1014.276
1415	1014.352
1416	1014.367
1417	1014.609
1418	1014.125
1419	1014.427
1420	1014.714
1421	1014.276
1422	1014.458
1423	1014.065
1424	1014.171
1425	1014.05
1426	1013.989
1427	1014.08
1428	1014.171
1429	1014.261
1430	1013.884
1431	1013.838
1432	1014.261
1433	1014.548
1434	1014.231
1435	1014.02
1436	1014.488
1437	1014.261
1438	1013.929
1439	1014.14
1440	1014.443
1441	1014.458
1442	1014.382
1443	1014.11
1444	1014.095
1445	1014.609
1446	1015.062
1447	1014.639
1448	1014.73
1449	1014.85
1450	1014.805
1451	1014.579
1452	1014.594
1453	1014.156
1454	1013.778
1455	1013.733
1456	1013.566
1457	1013.823
1458	1013.461
1459	1013.385
1460	1013.627
1461	1013.838
1462	1013.672
1463	1013.899
1464	1013.989
1465	1013.929
1466	1013.884
1467	1013.536
1468	1013.415
1469	1013.37
1470	1013.582
1471	1013.778
1472	1013.294
1473	1013.521
1474	1013.717
1475	1014.216
1476	1014.08
1477	1014.171
1478	1013.702
1479	1013.491
1480	1013.219
1481	1012.871
1482	1012.841
1483	1012.766
1484	1012.66
1485	1012.69
1486	1013.174
1487	1013.159
1488	1013.582
1489	1013.476
1490	1013.264
1491	1013.521
1492	1014.11
1493	1014.035
1494	1014.095
1495	1014.125
1496	1013.989
1497	1013.597
1498	1013.627
1499	1013.415
1500	1013.219
1501	1013.385
1502	1013.838
1503	1013.944
1504	1013.853
1505	1013.929
1506	1013.597
1507	1013.279
1508	1013.491
1509	1013.929
1510	1013.566
1511	1013.702
1512	1013.43
1513	1013.4
1514	1013.264
1515	1013.702
1516	1014.276
1517	1013.989
1518	1014.322
1519	1013.733
1520	1013.748
1521	1013.838
1522	1013.853
1523	1013.793
1524	1013.959
1525	1014.171
1526	1013.597
1527	1014.005
1528	1013.325
1529	1013.143
1530	1012.63
1531	1013.159
1532	1013.219
1533	1013.264
1534	1012.962
1535	1013.159
1536	1013.128
1537	1013.491
1538	1013.612
1539	1013.793
1540	1013.476
1541	1013.264
1542	1013.582
1543	1013.642
1544	1013.763
1545	1013.823
1546	1014.397
1547	1013.838
1548	1013.506
1549	1014.11
1550	1014.714
1551	1014.835
1552	1014.518
1553	1014.473
1554	1013.702
1555	1013.4
1556	1013.899
1557	1014.05
1558	1013.853
1559	1013.959
1560	1013.687
1561	1013.189
1562	1013.37
1563	1013.793
1564	1013.929
1565	1013.174
1566	1013.294
1567	1013.566
1568	1013.279
1569	1013.098
1570	1013.31
1571	1012.977
1572	1013.053
1573	1013.159
1574	1013.053
1575	1012.781
1576	1012.69
1577	1012.72
1578	1013.113
1579	1013.184
1580	1012.992
1581	1013.023
1582	1012.902
1583	1013.4
1584	1013.823
1585	1014.397
1586	1014.201
1587	1014.186
1588	1013.944
1589	1013.385
1590	1013.627
1591	1014.201
1592	1014.261
1593	1014.005
1594	1013.778
1595	1013.612
1596	1013.234
1597	1013.415
1598	1013.566
1599	1013.612
1600	1013.249
1601	1013.143
1602	1012.871
1603	1012.675
1604	1013.823
1605	1014.14
1606	1014.065
1607	1014.08
1608	1013.672
1609	1013.838
1610	1013.989
1611	1014.518
1612	1014.382
1613	1014.02
1614	1013.884
1615	1014.005
1616	1013.808
1617	1013.355
1618	1013.219
1619	1013.355
1620	1013.808
1621	1013.627
1622	1013.415
1623	1012.962
1624	1012.887
1625	1013.219
1626	1012.947
1627	1013.098
1628	1012.751
1629	1012.6
1630	1012.418
1631	1012.841
1632	1012.358
1633	1012.192
1634	1012.509
1635	1012.705
1636	1012.72
1637	1012.101
1638	1012.131
1639	1012.841
1640	1012.871
1641	1013.083
1642	1012.932
1643	1013.113
1644	1012.992
1645	1012.237
1646	1012.207
1647	1012.207
1648	1012.237
1649	1012.539
1650	1012.615
1651	1012.796
1652	1013.143
1653	1013.294
1654	1013.128
1655	1013.204
1656	1013.37
1657	1013.038
1658	1013.234
1659	1013.294
1660	1013.687
1661	1013.143
1662	1013.415
1663	1013.582
1664	1013.717
1665	1014.11
1666	1013.974
1667	1014.261
1668	1013.793
1669	1014.171
1670	1014.02
1671	1014.125
1672	1013.582
1673	1013.808
1674	1013.717
1675	1013.551
1676	1013.159
1677	1013.143
1678	1013.415
1679	1013.657
1680	1013.159
1681	1014.367
1682	1013.838
1683	1013.763
1684	1013.989
1685	1013.989
1686	1014.292
1687	1014.533
1688	1014.186
1689	1013.899
1690	1014.005
1691	1013.189
1692	1012.962
1693	1013.174
1694	1012.902
1695	1012.887
1696	1012.766
1697	1012.63
1698	1012.433
1699	1011.859
1700	1012.267
1701	1012.071
1702	1012.267
1703	1012.161
1704	1012.192
1705	1012.373
1706	1012.524
1707	1012.902
1708	1012.509
1709	1012.222
1710	1012.63
1711	1013.189
1712	1012.781
1713	1012.751
1714	1012.932
1715	1013.083
1716	1013.355
1717	1013.521
1718	1013.279
1719	1013.536
1720	1013.717
1721	1014.035
1722	1013.808
1723	1014.14
1724	1014.201
1725	1014.005
1726	1013.566
1727	1013.476
1728	1013.37
1729	1013.023
1730	1013.007
1731	1012.66
1732	1012.781
1733	1013.083
1734	1013.204
1735	1012.736
1736	1012.977
1737	1013.355
1738	1013.31
1739	1012.675
1740	1012.856
1741	1013.068
1742	1012.932
1743	1012.856
1744	1012.494
1745	1012.887
1746	1012.66
1747	1013.143
1748	1012.781
1749	1012.584
1750	1013.174
1751	1013.325
1752	1012.796
1753	1012.947
1754	1012.841
1755	1013.264
1756	1013.34
1757	1012.464
1758	1012.328
1759	1013.128
1760	1013.476
1761	1012.871
1762	1012.826
1763	1013.385
1764	1013.249
1765	1013.325
1766	1013.189
1767	1013.113
1768	1013.204
1769	1013.461
1770	1012.584
1771	1012.841
1772	1013.249
1773	1013.128
1774	1012.856
1775	1013.007
1776	1012.841
1777	1012.962
1778	1013.536
1779	1012.554
1780	1013.007
1781	1013.37
1782	1013.461
1783	1012.992
1784	1013.174
1785	1013.461
1786	1013.37
1787	1013.491
1788	1013.234
1789	1013.415
1790	1013.536
1791	1013.446
1792	1012.947
1793	1013.672
1794	1013.717
1795	1013.204
1796	1013.023
1797	1013.642
1798	1013.869
1799	1014.08
1800	1013.34
1801	1013.219
1802	1012.917
1803	1013.234
1804	1013.31
1805	1013.159
1806	1013.446
1807	1013.521
1808	1013.264
1809	1013.294
1810	1013.415
1811	1012.977
1812	1013.521
1813	1014.05
1814	1013.627
1815	1013.748
1816	1014.246
1817	1013.793
1818	1013.43
1819	1013.551
1820	1013.385
1821	1013.128
1822	1012.433
1823	1012.237
1824	1012.751
1825	1012.554
1826	1012.675
1827	1012.63
1828	1012.841
1829	1012.932
1830	1012.282
1831	1012.509
1832	1013.189
1833	1012.796
1834	1012.856
1835	1012.509
1836	1012.63
1837	1012.66
1838	1012.977
1839	1013.007
1840	1012.705
1841	1013.687
1842	1013.612
1843	1013.763
1844	1014.02
1845	1013.929
1846	1013.143
1847	1013.038
1848	1013.143
1849	1013.37
1850	1013.566
1851	1013.37
1852	1013.098
1853	1012.902
1854	1013.083
1855	1012.871
1856	1012.675
1857	1012.977
1858	1012.766
1859	1012.645
1860	1012.72
1861	1012.932
1862	1012.826
1863	1012.464
1864	1012.524
1865	1013.068
1866	1012.539
1867	1012.675
1868	1013.476
1869	1012.736
1870	1012.675
1871	1012.569
1872	1012.962
1873	1012.841
1874	1012.584
1875	1012.358
1876	1012.554
1877	1012.796
1878	1012.131
1879	1012.781
1880	1012.751
1881	1012.796
1882	1012.448
1883	1013.038
1884	1013.4
1885	1013.023
1886	1013.506
1887	1013.506
1888	1013.219
1889	1013.415
1890	1012.6
1891	1012.811
1892	1012.796
1893	1012.63
1894	1012.841
1895	1012.977
1896	1012.781
1897	1012.887
1898	1012.871
1899	1012.861
1900	1012.962
1901	1013.113
1902	1013.098
1903	1013.143
1904	1013.083
1905	1013.083
1906	1013.249
1907	1012.675
1908	1012.01
1909	1012.116
1910	1012.161
1911	1012.388
1912	1012.569
1913	1012.494
1914	1012.464
1915	1012.433
1916	1012.645
1917	1012.705
1918	1012.494
1919	1012.297
1920	1013.128
1921	1012.811
1922	1012.539
1923	1012.615
1924	1012.645
1925	1012.781
1926	1012.464
1927	1012.403
1928	1012.554
1929	1012.871
1930	1013.204
1931	1013.128
1932	1013.355
1933	1013.642
1934	1013.627
1935	1013.627
1936	1013.4
1937	1013.415
1938	1013.083
1939	1013.521
1940	1013.053
1941	1013.068
1942	1013.159
1943	1013.023
1944	1013.294
1945	1014.065
1946	1013.899
1947	1014.05
1948	1013.989
1949	1013.506
1950	1013.385
1951	1013.551
1952	1013.415
1953	1013.007
1954	1012.856
1955	1013.023
1956	1012.902
1957	1012.781
1958	1013.204
1959	1012.766
1960	1012.766
1961	1013.415
1962	1012.871
1963	1012.962
1964	1012.992
1965	1012.811
1966	1012.584
1967	1012.252
1968	1012.736
1969	1012.63
1970	1012.464
1971	1012.297
1972	1012.086
1973	1012.207
1974	1011.89
1975	1012.177
1976	1012.016
1977	1011.874
1978	1012.222
1979	1012.358
1980	1012.66
1981	1013.159
1982	1012.977
1983	1012.63
1984	1012.751
1985	1012.811
1986	1013.219
1987	1013.038
1988	1013.159
1989	1013.989
1990	1013.763
1991	1013.128
1992	1013.536
1993	1012.977
1994	1013.612
1995	1014.14
1996	1013.959
1997	1014.533
1998	1013.612
1999	1013.717
2000	1013.476
2001	1013.31
2002	1013.355
2003	1013.279
2004	1012.826
2005	1013.355
2006	1013.582
2007	1013.355
2008	1013.234
2009	1012.63
2010	1013.068
2011	1013.189
2012	1012.403
2013	1012.433
2014	1012.69
2015	1011.98
2016	1012.313
2017	1012.207
2018	1012.373
2019	1012.645
2020	1012.539
2021	1012.479
2022	1012.615
2023	1012.766
2024	1012.615
2025	1012.932
2026	1012.645
2027	1012.932
2028	1012.856
2029	1013.249
2030	1013.355
2031	1012.917
2032	1013.098
2033	1013.128
2034	1012.932
2035	1012.796
2036	1012.871
2037	1012.645
2038	1013.597
2039	1013.143
2040	1012.992
2041	1013.37
2042	1013.43
2043	1013.612
2044	1013.566
2045	1013.717
2046	1013.294
2047	1013.4
2048	1013.219
2049	1012.932
2050	1012.66
2051	1013.506
2052	1013.113
2053	1013.128
2054	1013.174
2055	1012.947
2056	1013.234
2057	1013.053
2058	1013.325
2059	1012.751
2060	1013.37
2061	1013.249
2062	1013.128
2063	1012.63
2064	1012.615
2065	1012.6
2066	1012.358
2067	1012.343
2068	1012.328
2069	1012.6
2070	1012.63
2071	1012.932
2072	1012.282
2073	1012.66
2074	1012.071
2075	1012.6
2076	1012.675
2077	1012.494
2078	1013.053
2079	1012.856
2080	1012.977
2081	1012.403
2082	1012.947
2083	1013.37
2084	1013.083
2085	1013.702
2086	1013.627
2087	1013.159
2088	1013.551
2089	1013.748
2090	1014.005
2091	1013.778
2092	1013.989
2093	1013.959
2094	1014.216
2095	1014.231
2096	1013.657
2097	1013.506
2098	1013.174
2099	1013.249
2100	1012.766
2101	1012.222
2102	1012.917
2103	1013.098
2104	1012.66
2105	1013.038
2106	1012.645
2107	1012.947
2108	1012.69
2109	1013.612
2110	1013.642
2111	1013.143
2112	1013.687
2113	1013.869
2114	1013.37
2115	1013.068
2116	1013.687
2117	1013.31
2118	1012.751
2119	1012.962
2120	1012.479
2121	1012.237
2122	1012.116
2123	1011.663
2124	1011.859
2125	1012.177
2126	1012.071
2127	1012.161
2128	1012.222
2129	1012.086
2130	1012.313
2131	1012.796
2132	1012.977
2133	1012.584
2134	1012.736
2135	1012.766
2136	1012.887
2137	1012.992
2138	1012.494
2139	1012.826
2140	1012.932
2141	1012.675
2142	1012.917
2143	1013.053
2144	1012.72
2145	1012.509
2146	1012.433
2147	1012.343
2148	1012.841
2149	1013.113
2150	1013.189
2151	1012.902
2152	1013.098
2153	1013.536
2154	1012.992
2155	1013.385
2156	1013.823
2157	1013.476
2158	1013.989
2159	1013.808
2160	1014.08
2161	1013.778
2162	1013.597
2163	1013.808
2164	1013.143
2165	1013.159
2166	1013.506
2167	1013.053
2168	1013.385
2169	1013.521
2170	1013.551
2171	1013.823
2172	1012.917
2173	1012.66
2174	1012.947
2175	1012.826
2176	1012.796
2177	1012.69
2178	1013.023
2179	1013.249
2180	1012.72
2181	1012.751
2182	1013.234
2183	1013.053
2184	1013.249
2185	1013.023
2186	1012.811
2187	1013.43
2188	1013.159
2189	1013.355
2190	1012.796
2191	1013.143
2192	1012.871
2193	1012.358
2194	1012.237
2195	1012.207
2196	1012.116
2197	1012.267
2198	1012.343
2199	1012.554
2200	1012.448
2201	1012.524
2202	1012.66
2203	1012.403
2204	1012.72
2205	1012.766
2206	1012.811
2207	1012.539
2208	1012.826
2209	1013.204
2210	1013.506
2211	1014.05
2212	1013.763
2213	1013.959
2214	1013.702
2215	1012.992
2216	1013.038
2217	1012.584
2218	1012.69
2219	1013.053
2220	1012.72
2221	1012.66
2222	1012.297
2223	1012.66
2224	1012.252
2225	1012.433
2226	1011.799
2227	1011.98
2228	1012.343
2229	1012.403
2230	1012.116
2231	1012.252
2232	1012.297
2233	1011.799
2234	1012.358
2235	1012.131
2236	1012.328
2237	1012.736
2238	1012.811
2239	1012.313
2240	1012.373
2241	1012.509
2242	1012.328
2243	1012.343
2244	1012.675
2245	1011.995
2246	1012.66
2247	1012.282
2248	1012.6
2249	1012.524
2250	1012.72
2251	1012.887
2252	1013.083
2253	1012.992
2254	1013.249
2255	1012.736
2256	1013.143
2257	1012.584
2258	1012.871
2259	1012.358
2260	1012.645
2261	1012.569
2262	1012.282
2263	1012.69
2264	1012.902
2265	1012.479
2266	1012.388
2267	1013.385
2268	1013.128
2269	1013.234
2270	1013.597
2271	1013.34
2272	1013.657
2273	1014.125
2274	1013.884
2275	1013.959
2276	1013.929
2277	1014.035
2278	1014.065
2279	1013.823
2280	1013.853
2281	1013.582
2282	1013.899
2283	1013.385
2284	1014.035
2285	1013.899
2286	1013.672
2287	1013.657
2288	1013.415
2289	1013.249
2290	1013.068
2291	1013.4
2292	1013.249
2293	1013.385
2294	1012.796
2295	1012.992
2296	1012.902
2297	1012.72
2298	1012.69
2299	1012.252
2300	1012.328
2301	1012.041
2302	1012.328
2303	1012.161
2304	1012.464
2305	1012.267
2306	1012.902
2307	1012.433
2308	1012.796
2309	1012.6
2310	1012.841
2311	1012.826
2312	1012.63
2313	1012.675
2314	1013.219
2315	1012.116
2316	1012.418
2317	1012.479
2318	1012.161
2319	1011.92
2320	1012.645
2321	1012.418
2322	1012.479
2323	1012.146
2324	1012.63
2325	1012.781
2326	1013.068
2327	1012.917
2328	1012.736
2329	1012.962
2330	1013.31
2331	1013.536
2332	1013.612
2333	1013.445
2334	1013.31
2335	1012.947
2336	1013.415
2337	1012.811
2338	1012.433
2339	1012.811
2340	1012.811
2341	1012.856
2342	1012.358
2343	1012.826
2344	1013.023
2345	1013.31
2346	1013.007
2347	1013.445
2348	1013.159
2349	1013.264
2350	1013.551
2351	1013.627
2352	1013.355
2353	1013.143
2354	1013.536
2355	1012.947
2356	1012.977
2357	1012.902
2358	1012.947
2359	1013.355
2360	1013.476
2361	1012.962
2362	1012.902
2363	1012.569
2364	1012.705
2365	1012.282
2366	1012.433
2367	1012.63
2368	1012.267
2369	1012.524
2370	1012.705
2371	1012.811
2372	1013.083
2373	1013.582
2374	1013.34
2375	1013.038
2376	1013.189
2377	1012.977
2378	1012.826
2379	1012.494
2380	1012.751
2381	1012.887
2382	1012.992
2383	1012.569
2384	1012.539
2385	1013.445
2386	1013.023
2387	1013.204
2388	1012.69
2389	1012.766
2390	1012.328
2391	1012.751
2392	1012.479
2393	1012.237
2394	1012.192
2395	1012.313
2396	1012.146
2397	1012.237
2398	1012.313
2399	1012.479
2400	1012.811
2401	1012.297
2402	1012.675
2403	1012.418
2404	1012.539
2405	1012.313
2406	1012.615
2407	1012.539
2408	1012.66
2409	1012.736
2410	1012.403
2411	1012.358
2412	1012.615
2413	1012.433
2414	1012.554
2415	1013.098
2416	1012.751
2417	1012.826
2418	1012.932
2419	1013.294
2420	1012.811
2421	1013.506
2422	1013.249
2423	1013.43
2424	1013.717
2425	1014.14
2426	1013.582
2427	1013.279
2428	1013.4
2429	1013.083
2430	1012.72
2431	1013.053
2432	1012.705
2433	1012.464
2434	1012.494
2435	1012.826
2436	1012.267
2437	1012.69
2438	1012.494
2439	1012.026
2440	1012.524
2441	1012.615
2442	1012.871
2443	1012.826
2444	1012.947
2445	1013.053
2446	1013.174
2447	1012.871
2448	1013.415
2449	1013.687
2450	1013.566
2451	1013.128
2452	1013.143
2453	1012.902
2454	1012.902
2455	1012.282
2456	1012.131
2457	1011.98
2458	1011.859
2459	1011.739
2460	1011.769
2461	1011.467
2462	1012.041
2463	1011.603
2464	1011.905
2465	1011.739
2466	1012.282
2467	1012.418
2468	1013.385
2469	1012.902
2470	1012.917
2471	1012.932
2472	1012.6
2473	1012.902
2474	1013.385
2475	1012.902
2476	1013.294
2477	1013.717
2478	1012.977
2479	1012.66
2480	1012.947
2481	1012.237
2482	1012.207
2483	1012.282
2484	1012.554
2485	1012.146
2486	1012.343
2487	1012.252
2488	1012.72
2489	1012.584
2490	1012.584
2491	1012.343
2492	1012.418
2493	1011.874
2494	1012.403
2495	1011.739
2496	1011.95
2497	1011.89
2498	1011.965
2499	1011.557
2500	1011.814
2501	1011.995
2502	1012.418
2503	1012.161
2504	1012.328
2505	1012.509
2506	1012.373
2507	1012.705
2508	1012.72
2509	1012.72
2510	1012.736
2511	1012.6
2512	1012.705
2513	1012.207
2514	1012.705
2515	1012.479
2516	1012.192
2517	1012.841
2518	1012.297
2519	1012.252
2520	1012.192
2521	1011.98
2522	1011.844
2523	1011.421
2524	1012.026
2525	1012.101
2526	1012.116
2527	1011.965
2528	1012.161
2529	1011.89
2530	1011.814
2531	1011.497
2532	1012.116
2533	1012.418
2534	1012.464
2535	1012.297
2536	1012.297
2537	1012.297
2538	1011.98
2539	1012.509
2540	1012.237
2541	1012.433
2542	1012.569
2543	1012.736
2544	1011.905
2545	1012.388
2546	1012.569
2547	1012.796
2548	1012.66
2549	1012.252
2550	1012.584
2551	1012.554
2552	1012.932
2553	1012.237
2554	1012.403
2555	1012.282
2556	1012.841
2557	1012.736
2558	1012.932
2559	1013.128
2560	1012.373
2561	1012.448
2562	1012.131
2563	1012.69
2564	1012.418
2565	1012.509
2566	1012.751
2567	1012.645
2568	1013.053
2569	1013.007
2570	1013.4
2571	1012.6
2572	1013.083
2573	1012.796
2574	1012.433
2575	1012.464
2576	1012.222
2577	1012.464
2578	1011.965
2579	1012.358
2580	1011.95
2581	1012.177
2582	1011.98
2583	1011.814
2584	1012.252
2585	1012.464
2586	1012.373
2587	1012.373
2588	1012.026
2589	1011.95
2590	1011.633
2591	1011.663
2592	1011.784
2593	1012.056
2594	1011.829
2595	1011.723
2596	1011.723
2597	1011.542
2598	1011.421
2599	1011.27
2600	1011.134
2601	1011.723
2602	1011.436
2603	1011.995
2604	1011.905
2605	1011.89
2606	1012.146
2607	1012.252
2608	1011.587
2609	1012.479
2610	1012.071
2611	1011.754
2612	1011.603
2613	1012.01
2614	1011.754
2615	1012.056
2616	1011.678
2617	1011.874
2618	1012.161
2619	1011.844
2620	1012.01
2621	1011.98
2622	1011.723
2623	1011.663
2624	1011.587
2625	1011.587
2626	1011.723
2627	1011.346
2628	1012.479
2629	1012.116
2630	1012.101
2631	1012.992
2632	1013.264
2633	1012.388
2634	1012.358
2635	1013.143
2636	1012.584
2637	1012.917
2638	1012.705
2639	1012.645
2640	1012.645
2641	1012.705
2642	1012.207
2643	1012.554
2644	1012.388
2645	1012.418
2646	1012.554
2647	1012.267
2648	1012.297
2649	1012.781
2650	1012.569
2651	1012.554
2652	1012.6
2653	1012.433
2654	1012.615
2655	1012.479
2656	1012.403
2657	1012.373
2658	1012.267
2659	1012.433
2660	1011.965
2661	1012.388
2662	1012.146
2663	1012.177
2664	1012.222
2665	1011.799
2666	1011.965
2667	1012.63
2668	1012.086
2669	1012.6
2670	1011.618
2671	1011.905
2672	1011.95
2673	1011.376
2674	1011.965
2675	1011.27
2676	1011.814
2677	1011.814
2678	1011.905
2679	1011.482
2680	1011.633
2681	1011.391
2682	1011.618
2683	1011.482
2684	1011.829
2685	1011.255
2686	1011.24
2687	1011.331
2688	1011.346
2689	1011.618
2690	1011.406
2691	1011.693
2692	1012.026
2693	1011.572
2694	1011.995
2695	1012.161
2696	1011.678
2697	1012.01
2698	1011.527
2699	1011.769
2700	1011.467
2701	1012.177
2702	1011.799
2703	1012.222
2704	1012.146
2705	1012.63
2706	1012.418
2707	1012.297
2708	1012.026
2709	1011.603
2710	1011.829
2711	1012.01
2712	1011.512
2713	1011.587
2714	1011.829
2715	1011.754
2716	1011.784
2717	1011.814
2718	1012.056
2719	1012.086
2720	1011.769
2721	1011.708
2722	1011.285
2723	1011.21
2724	1011.95
2725	1011.965
2726	1012.177
2727	1012.403
2728	1012.796
2729	1012.811
2730	1013.068
2731	1012.811
2732	1012.66
2733	1012.887
2734	1012.736
2735	1012.494
2736	1012.6
2737	1012.297
2738	1012.131
2739	1012.146
2740	1011.512
2741	1012.056
2742	1012.328
2743	1012.841
2744	1012.086
2745	1012.252
2746	1011.92
2747	1011.633
2748	1011.874
2749	1011.89
2750	1012.101
2751	1011.844
2752	1012.041
2753	1011.436
2754	1011.421
2755	1011.149
2756	1011.436
2757	1010.998
2758	1011.648
2759	1011.361
2760	1011.587
2761	1011.451
2762	1011.406
2763	1011.633
2764	1011.965
2765	1011.829
2766	1011.255
2767	1011.24
2768	1011.18
2769	1011.18
2770	1011.21
2771	1010.998
2772	1010.862
2773	1011.27
2774	1010.892
2775	1011.784
2776	1011.391
2777	1011.708
2778	1011.905
2779	1012.207
2780	1011.633
2781	1011.527
2782	1011.542
2783	1011.723
2784	1011.346
2785	1011.89
2786	1011.754
2787	1011.965
2788	1012.026
2789	1011.633
2790	1011.799
2791	1011.859
2792	1011.708
2793	1011.844
2794	1012.192
2795	1011.89
2796	1012.056
2797	1011.814
2798	1012.056
2799	1012.584
2800	1012.237
2801	1012.479
2802	1012.026
2803	1011.799
2804	1012.736
2805	1012.116
2806	1012.192
2807	1012.358
2808	1012.146
2809	1011.995
2810	1011.905
2811	1011.905
2812	1011.874
2813	1012.177
2814	1012.192
2815	1012.328
2816	1012.902
2817	1012.524
2818	1013.159
2819	1013.053
2820	1013.023
2821	1013.627
2822	1013.4
2823	1013.174
2824	1013.521
2825	1013.838
2826	1013.023
2827	1012.705
2828	1012.237
2829	1012.479
2830	1012.494
2831	1012.131
2832	1012.026
2833	1011.965
2834	1011.723
2835	1011.693
2836	1011.739
2837	1011.467
2838	1011.663
2839	1011.331
2840	1011.24
2841	1011.467
2842	1011.119
2843	1011.255
2844	1011.436
2845	1011.149
2846	1011.119
2847	1011.331
2848	1011.27
2849	1010.605
2850	1011.134
2851	1011.406
2852	1011.195
2853	1010.968
2854	1011.089
2855	1010.908
2856	1011.149
2857	1011.089
2858	1010.953
2859	1010.998
2860	1010.938
2861	1010.802
2862	1010.288
2863	1011.044
2864	1010.364
2865	1010.303
2866	1010.711
2867	1010.5
2868	1010.651
2869	1011.164
2870	1011.406
2871	1011.391
2872	1011.95
2873	1011.482
2874	1012.071
2875	1012.056
2876	1012.026
2877	1012.056
2878	1012.041
2879	1012.056
2880	1011.799
2881	1011.95
2882	1012.222
2883	1012.207
2884	1012.479
2885	1012.267
2886	1012.539
2887	1012.479
2888	1012.6
2889	1011.89
2890	1011.859
2891	1011.708
2892	1011.572
2893	1011.391
2894	1011.089
2895	1011.24
2896	1011.27
2897	1011.587
2898	1010.968
2899	1011.225
2900	1011.134
2901	1010.892
2902	1011.074
2903	1011.648
2904	1011.331
2905	1011.648
2906	1011.482
2907	1011.905
2908	1012.343
2909	1012.161
2910	1012.388
2911	1012.161
2912	1012.177
2913	1012.071
2914	1011.648
2915	1011.527
2916	1011.784
2917	1012.146
2918	1012.131
2919	1012.584
2920	1012.464
2921	1012.569
2922	1012.237
2923	1012.116
2924	1011.829
2925	1012.297
2926	1012.252
2927	1011.285
2928	1012.207
2929	1012.177
2930	1011.723
2931	1011.663
2932	1011.285
2933	1011.225
2934	1011.648
2935	1011.557
2936	1011.995
2937	1011.21
2938	1011.754
2939	1011.512
2940	1011.346
2941	1011.633
2942	1011.361
2943	1011.421
2944	1011.27
2945	1010.923
2946	1011.406
2947	1011.119
2948	1010.998
2949	1011.089
2950	1010.485
2951	1010.787
2952	1010.983
2953	1011.074
2954	1011.361
2955	1011.21
2956	1011.059
2957	1011.089
2958	1011.27
2959	1011.467
2960	1010.998
2961	1011.406
2962	1011.421
2963	1011.391
2964	1011.24
2965	1011.27
2966	1011.497
2967	1011.376
2968	1011.376
2969	1011.451
2970	1011.467
2971	1011.089
2972	1010.757
2973	1010.636
2974	1010.953
2975	1010.666
2976	1010.243
2977	1009.971
2978	1009.775
2979	1010.198
2980	1010.016
2981	1010.847
2982	1010.016
2983	1010.424
2984	1010.485
2985	1010.213
2986	1010.258
2987	1009.971
2988	1009.805
2989	1009.88
2990	1010.243
2991	1010.364
2992	1010.198
2993	1010.53
2994	1010.454
2995	1010.802
2996	1010.454
2997	1010.938
2998	1011.059
2999	1011.028
3000	1010.968
3001	1011.074
3002	1010.847
3003	1010.847
3004	1011.346
3005	1011.316
3006	1011.376
3007	1011.648
3008	1011.451
3009	1011.754
3010	1011.754
3011	1011.693
3012	1012.146
3013	1012.403
3014	1012.841
3015	1012.222
3016	1012.282
3017	1012.041
3018	1011.799
3019	1011.406
3020	1011.24
3021	1011.497
3022	1010.772
3023	1010.711
3024	1010.515
3025	1010.439
3026	1010.001
3027	1010.651
3028	1010.636
3029	1010.953
3030	1011.104
3031	1011.421
3032	1011.149
3033	1011.391
3034	1010.772
3035	1011.164
3036	1011.074
3037	1010.772
3038	1010.832
3039	1010.908
3040	1010.56
3041	1010.621
3042	1010.787
3043	1010.545
3044	1010.696
3045	1010.409
3046	1010.666
3047	1010.515
3048	1010.938
3049	1011.21
3050	1011.754
3051	1011.739
3052	1011.3
3053	1011.134
3054	1010.968
3055	1011.603
3056	1011.557
3057	1011.316
3058	1011.754
3059	1011.482
3060	1011.572
3061	1011.723
3062	1011.814
3063	1011.92
3064	1011.965
3065	1011.874
3066	1011.784
3067	1011.527
3068	1011.572
3069	1011.723
3070	1011.814
3071	1011.421
3072	1011.723
3073	1011.905
3074	1011.225
3075	1011.784
3076	1011.482
3077	1011.965
3078	1011.587
3079	1011.195
3080	1010.892
3081	1011.225
3082	1010.817
3083	1011.391
3084	1011.391
3085	1011.316
3086	1011.028
3087	1011.391
3088	1011.482
3089	1011.285
3090	1011.633
3091	1011.421
3092	1011.512
3093	1011.527
3094	1011.421
3095	1010.998
3096	1011.044
3097	1011.013
3098	1010.59
3099	1010.258
3100	1010.349
3101	1009.895
3102	1010.152
3103	1009.669
3104	1009.85
3105	1009.775
3106	1010.137
3107	1010.454
3108	1010.258
3109	1010.182
3110	1010.862
3111	1011.013
3112	1010.092
3113	1011.104
3114	1011.225
3115	1011.603
3116	1011.421
3117	1011.451
3118	1011.331
3119	1012.026
3120	1012.433
3121	1011.663
3122	1011.436
3123	1011.769
3124	1011.814
3125	1011.92
3126	1012.282
3127	1011.754
3128	1011.482
3129	1011.754
3130	1012.161
3131	1011.497
3132	1011.497
3133	1011.693
3134	1011.693
3135	1011.482
3136	1011.905
3137	1011.723
3138	1011.965
3139	1011.376
3140	1011.587
3141	1011.935
3142	1011.482
3143	1010.696
3144	1011.044
3145	1010.938
3146	1010.485
3147	1010.983
3148	1011.618
3149	1011.074
3150	1011.255
3151	1011.406
3152	1011.844
3153	1011.663
3154	1011.27
3155	1011.376
3156	1011.376
3157	1011.134
3158	1011.331
3159	1011.149
3160	1010.908
3161	1010.787
3162	1010.802
3163	1011.346
3164	1011.27
3165	1010.757
3166	1010.847
3167	1009.971
3168	1010.318
3169	1010.273
3170	1009.578
3171	1009.427
3172	1009.533
3173	1009.019
3174	1009.004
	
	
	
	
	
	
	
	
	
	
	
	
	
	
	
	
	
	
	
	
	
	
	
	
	
	
	
	
	
	
	
	
	
	
	
	
	
	
	
	
	
	
	
	
	
	
	
	
	
	
	
	
	
	
	
	
	
	
	
	
	
	
	
	
	
	
	
	
	
	
	
	
	
	
	
	
	
	
	
	
	
	
	
	
	
	
	
	
	
	
	
	
	
	
	
	
	
	
	
	
	
	
	
	
	
	
	
	
	
	
	
	
	
	
	
	
	
	
	
	
	
	
	
	
	
	
	
	
	
	
	
	
	
	
	
	
	
	
	
	
	
	
	
	
	
	
	
	
	
	
	
	
	
	
	
	
	
	
	
	
	
	
	
	
	
	
	
	
	
	
	
	
	
	
	
	
	
	
	
	
	
	
	
	
	
	
	
	
	
	
	
	
	
	
	
	
	
	
	
	
	
	
	
	
	
	
	
	
	
	
	
	
	
	
	
	
	
	
	
	
	
	
	
	
	
	
	
	
	
	
	
	
	
	
	
	
	
	
	
	
	
	
	
	
	
	
	
	
	
	
	
	
	
	
	
	
	
	
	
	
	
	
	
	
	
	
	
	
	
	
	
	
	
	
	
	
	
	
	
	
	
	
	
	
	
	
	
	
	
	
	
	
	
	
	
	
	
	
	
	
	
	
	
	
	
	
	
	
	
	
	
	
	
	
	
	
	
	
	
	
	
	
	
	
	
	
	
	
	
	
	
	
	
	
	
	
	
	
	
	
	
	
	
	
	
	
	
	
	
	
	
	
	
	
	
	
	
	
	
	
	
	
	
	
	
	
	
	
	
	
	
	
	
	
	
	
	
	
	
	
	
	
	
	
	
	
	
	
	
	
	
	
	
	
	
	
	
	
	
	
	
	
	
	
	
	
	
	
	
	
	
	
	
	
	
	
	
	
	
	
	
	
	
	
	
	
	
	
	
	
	
	
	
	
	
	
	
	
	
	
	
	
	
	
	
	
	
	
	
	
	
	
	
	
	
	
	
	
	
	
	
	
	
	
	
	
	
	
	
	
	
	
	
	
	
	
	
	
	
	
	
	
	
	
	
	
	
	
	
	
	
	
	
	
	
	
	
	
	
	
	
	
	
	
	
	
	
	
	
	
	
	
	
	
	
	
	
	
	
	
	
	
	
	
	
	
	
	
	
	
	
	
	
	
	
	
	
	
	
	
	
	
	
	
