0	1175.124
1	1174.266
2	1174.883
3	1174.176
4	1174.191
5	1174.627
6	1174.055
7	1173.95
8	1174.341
9	1173.799
10	1173.875
11	1173.228
12	1173.198
13	1173.047
14	1172.987
15	1173.198
16	1173.273
17	1173.318
18	1173.423
19	1172.957
20	1172.746
21	1172.852
22	1172.822
23	1172.882
24	1172.13
25	1172.31
26	1172.325
27	1172.22
28	1172.656
29	1172.31
30	1172.536
31	1172.084
32	1171.934
33	1171.994
34	1171.889
35	1172.22
36	1171.618
37	1172.355
38	1172.22
39	1171.573
40	1171.889
41	1171.723
42	1171.618
43	1171.437
44	1171.212
45	1170.971
46	1170.58
47	1170.595
48	1170.82
49	1170.113
50	1170.64
51	1170.053
52	1169.933
53	1170.249
54	1170.068
55	1170.008
56	1169.933
57	1169.286
58	1168.94
59	1169.211
60	1169.06
61	1169.346
62	1169.165
63	1169.421
64	1169.391
65	1168.714
66	1168.985
67	1168.684
68	1168.413
69	1159.988
70	1158.618
71	1158.348
72	1158.904
73	1158.603
74	1158.874
75	1158.047
76	1158.227
77	1158.393
78	1158.483
79	1158.393
80	1158.017
81	1157.956
82	1158.062
83	1157.851
84	1157.43
85	1157.475
86	1157.445
87	1157.46
88	1157.52
89	1156.979
90	1156.903
91	1157.37
92	1156.963
93	1156.738
94	1156.572
95	1156.828
96	1156.482
97	1156.617
98	1156.527
99	1156.572
100	1156.136
101	1156.226
102	1156.091
103	1156.061
104	1155.805
105	1156.226
106	1156.407
107	1156.106
108	1156.016
109	1155.594
110	1155.895
111	1155.67
112	1155.609
113	1155.775
114	1155.579
115	1155.835
116	1155.218
117	1155.384
118	1155.835
119	1155.519
120	1155.173
121	1155.519
122	1155.399
123	1155.564
124	1155.76
125	1155.459
126	1155.007
127	1154.902
128	1154.887
129	1155.113
130	1154.782
131	1154.767
132	1154.977
133	1154.541
134	1154.872
135	1155.203
136	1154.631
137	1154.767
138	1154.737
139	1154.03
140	1154.225
141	1154.285
142	1153.969
143	1154.03
144	1154.105
145	1153.879
146	1154.631
147	1153.999
148	1154.09
149	1153.834
150	1153.879
151	1153.834
152	1153.804
153	1153.548
154	1152.931
155	1153.458
156	1153.322
157	1153.142
158	1153.127
159	1152.991
160	1153.202
161	1153.337
162	1153.428
163	1153.217
164	1152.826
165	1153.292
166	1152.931
167	1152.615
168	1152.766
169	1152.841
170	1152.63
171	1153.172
172	1152.39
173	1152.51
174	1152.811
175	1153.127
176	1152.615
177	1152.435
178	1152.886
179	1152.45
180	1152.991
181	1152.826
182	1152.525
183	1152.42
184	1152.45
185	1152.209
186	1152.209
187	1152.525
188	1152.089
189	1152.344
190	1152.495
191	1152.314
192	1152.525
193	1152.495
194	1151.803
195	1151.622
196	1152.074
197	1151.968
198	1151.863
199	1151.607
200	1151.848
201	1151.592
202	1151.998
203	1151.698
204	1152.104
205	1152.119
206	1151.803
207	1152.224
208	1152.224
209	1151.818
210	1151.758
211	1151.908
212	1151.833
213	1151.983
214	1152.194
215	1151.938
216	1152.044
217	1151.728
218	1151.502
219	1151.402
220	1151.953
221	1152.104
222	1151.412
223	1151.457
224	1151.427
225	1151.547
226	1151.788
227	1151.321
228	1151.457
229	1151.397
230	1151.291
231	1150.524
232	1150.9
233	1151.472
234	1151.051
235	1150.915
236	1151.216
237	1151.066
238	1150.975
239	1150.87
240	1150.328
241	1150.855
242	1150.133
243	1150.193
244	1150.042
245	1150.449
246	1150.434
247	1150.298
248	1150.599
249	1150.012
250	1150.268
251	1150.569
252	1150.644
253	1150.584
254	1150.584
255	1150.449
256	1150.524
257	1150.674
258	1150.915
259	1150.75
260	1150.825
261	1150.479
262	1149.937
263	1150.584
264	1150.554
265	1150.042
266	1151.036
267	1150.148
268	1150.404
269	1150.133
270	1150.118
271	1149.877
272	1149.937
273	1149.456
274	1149.501
275	1149.681
276	1149.817
277	1149.772
278	1150.057
279	1149.787
280	1149.456
281	1149.441
282	1149.636
283	1149.681
284	1149.576
285	1149.651
286	1149.651
287	1149.937
288	1150.148
289	1150.163
290	1149.832
291	1150.057
292	1149.772
293	1149.275
294	1149.757
295	1149.711
296	1149.591
297	1149.516
298	1149.426
299	1149.426
300	1149.576
301	1149.516
302	1149.35
303	1148.854
304	1149.185
305	1149.215
306	1149.215
307	1149.11
308	1149.17
309	1149.125
310	1149.245
311	1148.688
312	1149.004
313	1149.004
314	1149.079
315	1148.598
316	1148.508
317	1148.688
318	1148.824
319	1148.478
320	1148.809
321	1148.959
322	1149.185
323	1149.411
324	1149.486
325	1148.899
326	1148.899
327	1148.824
328	1148.974
329	1148.703
330	1148.448
331	1148.899
332	1148.222
333	1148.613
334	1148.583
335	1148.162
336	1148.041
337	1148.538
338	1148.553
339	1148.056
340	1148.402
341	1148.192
342	1147.876
343	1148.041
344	1148.463
345	1148.147
346	1149.079
347	1148.944
348	1148.854
349	1148.478
350	1148.613
351	1148.553
352	1148.779
353	1149.17
354	1148.944
355	1148.387
356	1148.402
357	1148.658
358	1148.538
359	1148.553
360	1147.996
361	1148.102
362	1148.222
363	1148.041
364	1147.996
365	1147.771
366	1148.041
367	1147.801
368	1147.846
369	1148.192
370	1147.801
371	1147.876
372	1147.65
373	1147.65
374	1147.65
375	1147.891
376	1148.087
377	1148.132
378	1148.493
379	1148.026
380	1147.56
381	1147.59
382	1147.59
383	1147.891
384	1147.921
385	1147.53
386	1147.139
387	1147.319
388	1147.259
389	1147.244
390	1148.087
391	1147.755
392	1147.816
393	1147.5
394	1148.417
395	1148.102
396	1148.177
397	1147.966
398	1147.771
399	1147.44
400	1147.289
401	1147.801
402	1147.951
403	1147.5
404	1147.65
405	1147.229
406	1147.364
407	1147.244
408	1146.943
409	1146.432
410	1147.063
411	1147.229
412	1147.089
413	1146.597
414	1146.853
415	1146.988
416	1147.485
417	1147.485
418	1147.199
419	1147.274
420	1147.033
421	1147.214
422	1147.003
423	1147.379
424	1147.214
425	1147.078
426	1147.5
427	1147.319
428	1146.747
429	1147.56
430	1147.816
431	1147.139
432	1147.003
433	1146.853
434	1146.913
435	1147.244
436	1146.973
437	1146.702
438	1146.417
439	1146.823
440	1146.853
441	1146.417
442	1146.823
443	1146.687
444	1146.326
445	1146.973
446	1147.274
447	1147.109
448	1147.47
449	1147.033
450	1147.109
451	1146.973
452	1146.958
453	1146.898
454	1146.913
455	1147.214
456	1147.214
457	1147.41
458	1147.394
459	1147.154
460	1146.838
461	1147.199
462	1147.214
463	1147.109
464	1147.139
465	1147.695
466	1147.139
467	1147.018
468	1147.124
469	1147.229
470	1146.627
471	1146.838
472	1146.898
473	1146.838
474	1147.033
475	1147.47
476	1147.018
477	1147.003
478	1146.341
479	1146.567
480	1146.823
481	1146.567
482	1147.078
483	1146.898
484	1146.341
485	1146.432
486	1146.612
487	1146.898
488	1146.507
489	1146.146
490	1146.823
491	1146.567
492	1146.296
493	1146.838
494	1146.793
495	1146.356
496	1146.868
497	1147.033
498	1146.973
499	1146.868
500	1146.913
501	1146.913
502	1146.326
503	1146.747
504	1146.702
505	1146.627
506	1146.823
507	1146.702
508	1146.356
509	1146.236
510	1146.823
511	1146.477
512	1146.898
513	1146.747
514	1147.199
515	1147.048
516	1146.522
517	1147.184
518	1146.567
519	1147.003
520	1146.838
521	1146.973
522	1146.522
523	1146.657
524	1146.687
525	1146.522
526	1146.356
527	1146.988
528	1146.386
529	1146.176
530	1146.07
531	1146.883
532	1146.356
533	1146.341
534	1146.793
535	1146.341
536	1146.131
537	1146.747
538	1146.356
539	1146.206
540	1146.627
541	1146.552
542	1146.687
543	1146.492
544	1146.898
545	1146.958
546	1146.823
547	1146.627
548	1146.582
549	1146.567
550	1146.296
551	1146.943
552	1146.657
553	1146.687
554	1146.552
555	1146.657
556	1146.462
557	1146.116
558	1145.965
559	1146.537
560	1146.447
561	1146.146
562	1146.401
563	1146.612
564	1146.401
565	1146.386
566	1145.709
567	1146.191
568	1146.582
569	1145.905
570	1145.935
571	1146.296
572	1145.815
573	1145.8
574	1145.995
575	1146.266
576	1145.845
577	1145.98
578	1146.326
579	1145.724
580	1145.815
581	1145.755
582	1146.116
583	1145.634
584	1146.236
585	1146.838
586	1146.311
587	1146.356
588	1146.417
589	1146.251
590	1146.251
591	1146.206
592	1146.161
593	1145.95
594	1146.055
595	1146.401
596	1146.191
597	1146.161
598	1145.905
599	1145.8
600	1146.221
601	1146.161
602	1146.146
603	1146.522
604	1145.935
605	1145.649
606	1146.146
607	1145.634
608	1145.499
609	1145.785
610	1146.01
611	1145.935
612	1146.1
613	1146.672
614	1146.281
615	1146.206
616	1146.146
617	1146.116
618	1146.206
619	1145.905
620	1145.905
621	1146.251
622	1146.116
623	1146.191
624	1146.386
625	1146.432
626	1146.702
627	1146.1
628	1146.116
629	1146.597
630	1146.702
631	1146.537
632	1145.815
633	1145.965
634	1146.161
635	1145.83
636	1145.965
637	1145.785
638	1145.8
639	1145.83
640	1146.191
641	1146.191
642	1146.116
643	1146.206
644	1146.176
645	1146.01
646	1145.875
647	1146.161
648	1146.1
649	1146.236
650	1145.98
651	1146.462
652	1146.07
653	1145.77
654	1145.995
655	1146.432
656	1146.146
657	1146.552
658	1145.649
659	1146.04
660	1146.191
661	1145.845
662	1146.04
663	1146.266
664	1146.341
665	1145.664
666	1146.176
667	1146.386
668	1146.055
669	1145.935
670	1146.311
671	1146.191
672	1145.724
673	1145.438
674	1145.333
675	1145.559
676	1145.935
677	1145.499
678	1145.604
679	1145.559
680	1146.07
681	1145.544
682	1145.544
683	1146.07
684	1145.649
685	1145.604
686	1145.408
687	1145.92
688	1145.544
689	1145.845
690	1145.529
691	1145.559
692	1145.047
693	1145.108
694	1145.123
695	1145.514
696	1145.408
697	1145.288
698	1145.168
699	1145.213
700	1145.469
701	1145.363
702	1145.183
703	1145.138
704	1145.438
705	1145.393
706	1145.333
707	1145.393
708	1145.724
709	1145.469
710	1145.679
711	1145.785
712	1145.514
713	1145.032
714	1145.499
715	1145.845
716	1145.589
717	1145.905
718	1145.423
719	1145.544
720	1145.273
721	1145.95
722	1146.206
723	1145.499
724	1145.408
725	1145.243
726	1145.363
727	1145.574
728	1145.499
729	1145.092
730	1145.875
731	1145.664
732	1145.163
733	1145.393
734	1145.423
735	1145.619
736	1145.423
737	1145.378
738	1145.499
739	1145.95
740	1145.77
741	1145.454
742	1145.619
743	1145.303
744	1145.228
745	1145.093
746	1145.213
747	1145.438
748	1145.815
749	1145.92
750	1145.303
751	1145.815
752	1146.01
753	1145.499
754	1145.604
755	1145.243
756	1145.469
757	1145.514
758	1145.935
759	1145.694
760	1145.303
761	1145.77
762	1145.454
763	1145.198
764	1145.363
765	1145.619
766	1145.408
767	1145.574
768	1145.694
769	1145.83
770	1145.845
771	1144.972
772	1145.544
773	1145.815
774	1145.694
775	1145.348
776	1145.438
777	1145.755
778	1145.77
779	1145.348
780	1145.002
781	1145.559
782	1145.363
783	1145.273
784	1145.589
785	1145.469
786	1145.529
787	1145.168
788	1144.987
789	1145.529
790	1145.363
791	1145.138
792	1145.032
793	1145.378
794	1145.032
795	1145.348
796	1145.303
797	1145.634
798	1145.499
799	1145.454
800	1145.062
801	1145.258
802	1145.288
803	1145.273
804	1145.664
805	1145.484
806	1145.258
807	1145.529
808	1145.664
809	1145.785
810	1145.965
811	1146.055
812	1146.191
813	1146.055
814	1145.694
815	1145.649
816	1145.589
817	1146.01
818	1146.356
819	1146.116
820	1145.905
821	1145.348
822	1145.243
823	1144.987
824	1145.98
825	1144.972
826	1144.867
827	1145.228
828	1145.378
829	1145.408
830	1145.153
831	1145.017
832	1144.852
833	1145.408
834	1145.438
835	1145.303
836	1145.002
837	1144.822
838	1145.273
839	1145.183
840	1144.656
841	1144.701
842	1144.897
843	1144.626
844	1144.852
845	1144.235
846	1144.145
847	1144.009
848	1144.506
849	1144.46
850	1144.145
851	1143.798
852	1144.792
853	1144.445
854	1144.491
855	1143.814
856	1144.265
857	1144.28
858	1143.874
859	1144.024
860	1143.859
861	1144.039
862	1144.355
863	1144.115
864	1144.731
865	1144.761
866	1144.099
867	1144.16
868	1144.581
869	1145.123
870	1145.107
871	1144.596
872	1145.153
873	1144.551
874	1144.792
875	1144.671
876	1144.716
877	1144.972
878	1144.897
879	1144.536
880	1144.837
881	1144.581
882	1144.46
883	1144.731
884	1144.761
885	1145.032
886	1144.957
887	1144.942
888	1145.002
889	1145.183
890	1145.108
891	1144.536
892	1144.776
893	1145.138
894	1144.912
895	1144.942
896	1145.228
897	1144.656
898	1144.626
899	1144.581
900	1144.957
901	1145.017
902	1144.822
903	1144.912
904	1145.363
905	1145.408
906	1145.318
907	1144.536
908	1145.183
909	1145.333
910	1145.168
911	1145.243
912	1144.942
913	1144.566
914	1144.46
915	1145.228
916	1144.987
917	1144.445
918	1144.491
919	1144.701
920	1145.017
921	1144.566
922	1144.822
923	1144.867
924	1144.701
925	1145.438
926	1144.972
927	1144.611
928	1145.213
929	1145.062
930	1144.942
931	1145.077
932	1144.882
933	1145.529
934	1144.972
935	1144.897
936	1144.942
937	1144.671
938	1145.047
939	1144.972
940	1145.228
941	1144.656
942	1144.731
943	1144.521
944	1144.927
945	1144.4
946	1144.536
947	1144.656
948	1144.205
949	1144.4
950	1144.19
951	1144.25
952	1143.798
953	1143.979
954	1144.4
955	1144.25
956	1144.476
957	1144.175
958	1144.25
959	1143.994
960	1144.491
961	1144.31
962	1144.551
963	1144.671
964	1144.807
965	1145.002
966	1145.393
967	1145.168
968	1145.002
969	1145.469
970	1144.776
971	1144.671
972	1144.46
973	1144.596
974	1144.611
975	1144.897
976	1144.37
977	1143.919
978	1144.175
979	1144.25
980	1144.355
981	1144.731
982	1144.626
983	1144.43
984	1144.972
985	1144.596
986	1144.761
987	1144.4
988	1144.43
989	1143.994
990	1144.4
991	1144.445
992	1143.994
993	1144.145
994	1144.491
995	1144.581
996	1144.175
997	1143.859
998	1143.859
999	1144.355
1000	1144.927
1001	1144.641
1002	1144.536
1003	1144.656
1004	1144.491
1005	1144.521
1006	1144.671
1007	1144.491
1008	1144.536
1009	1144.43
1010	1144.716
1011	1144.792
1012	1144.897
1013	1144.46
1014	1144.521
1015	1144.716
1016	1144.566
1017	1144.19
1018	1143.919
1019	1144.024
1020	1144.205
1021	1143.543
1022	1143.663
1023	1143.814
1024	1143.859
1025	1143.558
1026	1144.099
1027	1143.844
1028	1143.798
1029	1144.19
1030	1143.558
1031	1143.633
1032	1144.205
1033	1143.994
1034	1143.528
1035	1143.648
1036	1143.753
1037	1144.099
1038	1143.723
1039	1144.13
1040	1143.753
1041	1143.061
1042	1143.362
1043	1143.768
1044	1143.723
1045	1143.287
1046	1143.618
1047	1143.513
1048	1143.543
1049	1143.753
1050	1143.136
1051	1143.001
1052	1143.498
1053	1143.859
1054	1143.167
1055	1142.61
1056	1142.971
1057	1143.573
1058	1143.573
1059	1142.866
1060	1143.136
1061	1142.52
1062	1143.227
1063	1143.257
1064	1143.272
1065	1143.076
1066	1143.543
1067	1143.377
1068	1143.422
1069	1143.136
1070	1143.016
1071	1143.753
1072	1143.167
1073	1143.016
1074	1143.091
1075	1143.167
1076	1143.031
1077	1143.076
1078	1143.227
1079	1143.422
1080	1143.091
1081	1143.648
1082	1143.001
1083	1143.633
1084	1143.272
1085	1143.046
1086	1142.926
1087	1143.558
1088	1143.287
1089	1143.136
1090	1143.513
1091	1143.648
1092	1144.115
1093	1143.829
1094	1143.889
1095	1143.753
1096	1144.355
1097	1144.205
1098	1144.084
1099	1144.506
1100	1144.205
1101	1143.994
1102	1144.656
1103	1144.25
1104	1144.28
1105	1143.814
1106	1144.054
1107	1143.874
1108	1144.46
1109	1144.731
1110	1144.205
1111	1144.145
1112	1144.28
1113	1144.626
1114	1144.4
1115	1144.084
1116	1144.4
1117	1144.46
1118	1144.912
1119	1144.31
1120	1144.867
1121	1144.235
1122	1144.145
1123	1144.084
1124	1144.235
1125	1144.34
1126	1143.829
1127	1143.723
1128	1143.753
1129	1144.385
1130	1144.521
1131	1144.25
1132	1143.768
1133	1143.317
1134	1144.581
1135	1143.603
1136	1143.573
1137	1143.167
1138	1142.881
1139	1143.528
1140	1143.407
1141	1143.453
1142	1143.829
1143	1143.513
1144	1143.317
1145	1143.437
1146	1143.377
1147	1143.392
1148	1143.558
1149	1143.167
1150	1143.106
1151	1143.498
1152	1143.468
1153	1143.257
1154	1143.437
1155	1143.407
1156	1142.414
1157	1142.851
1158	1143.136
1159	1143.678
1160	1143.392
1161	1143.287
1162	1142.881
1163	1143.136
1164	1143.167
1165	1143.016
1166	1142.67
1167	1142.535
1168	1142.926
1169	1142.294
1170	1142.745
1171	1142.7
1172	1142.971
1173	1142.685
1174	1142.64
1175	1142.49
1176	1142.866
1177	1143.061
1178	1142.474
1179	1142.098
1180	1142.354
1181	1142.369
1182	1142.61
1183	1143.422
1184	1143.031
1185	1142.294
1186	1142.7
1187	1142.745
1188	1143.483
1189	1143.046
1190	1142.896
1191	1143.046
1192	1143.152
1193	1143.197
1194	1143.212
1195	1142.67
1196	1142.926
1197	1143.001
1198	1143.152
1199	1143.136
1200	1142.685
1201	1143.016
1202	1142.956
1203	1143.167
1204	1143.272
1205	1143.498
1206	1142.956
1207	1143.693
1208	1143.648
1209	1143.994
1210	1143.919
1211	1143.377
1212	1143.528
1213	1143.588
1214	1143.768
1215	1143.332
1216	1143.317
1217	1143.061
1218	1143.152
1219	1143.016
1220	1143.167
1221	1142.7
1222	1143.061
1223	1143.362
1224	1143.152
1225	1143.573
1226	1142.866
1227	1143.001
1228	1143.528
1229	1143.603
1230	1143.197
1231	1143.031
1232	1142.505
1233	1142.67
1234	1143.197
1235	1142.655
1236	1143.046
1237	1143.001
1238	1142.926
1239	1142.941
1240	1142.429
1241	1142.941
1242	1142.143
1243	1141.797
1244	1142.234
1245	1142.189
1246	1142.143
1247	1141.933
1248	1142.098
1249	1142.384
1250	1142.745
1251	1142.068
1252	1141.888
1253	1141.797
1254	1142.174
1255	1141.993
1256	1141.602
1257	1141.692
1258	1141.572
1259	1142.053
1260	1141.497
1261	1141.151
1262	1141.497
1263	1141.602
1264	1141.03
1265	1140.789
1266	1140.835
1267	1141.346
1268	1141.662
1269	1141.813
1270	1141.451
1271	1140.91
1272	1141.075
1273	1140.669
1274	1140.85
1275	1141.346
1276	1141.391
1277	1141.451
1278	1141.331
1279	1140.91
1280	1141.181
1281	1141.286
1282	1141.03
1283	1140.819
1284	1140.594
1285	1140.985
1286	1140.895
1287	1140.985
1288	1141.331
1289	1140.955
1290	1141.12
1291	1141.196
1292	1141.361
1293	1141.271
1294	1141.211
1295	1141.406
1296	1141.572
1297	1141.632
1298	1141
1299	1141.09
1300	1140.714
1301	1141.135
1302	1141.692
1303	1141.512
1304	1141.166
1305	1141.06
1306	1140.91
1307	1141.542
1308	1141.572
1309	1141.331
1310	1141.481
1311	1141.376
1312	1141.587
1313	1141.873
1314	1141.301
1315	1141.451
1316	1141.301
1317	1141.241
1318	1141.286
1319	1141.752
1320	1142.128
1321	1141.602
1322	1141.512
1323	1141.181
1324	1141.602
1325	1141.436
1326	1141.512
1327	1141.436
1328	1140.88
1329	1141.151
1330	1141.301
1331	1141.045
1332	1141.331
1333	1141.211
1334	1141.692
1335	1141.497
1336	1141.286
1337	1141.858
1338	1141.843
1339	1141.662
1340	1142.159
1341	1141.737
1342	1141.557
1343	1141.782
1344	1141.542
1345	1141.241
1346	1141.331
1347	1141.481
1348	1141.406
1349	1141.331
1350	1141.617
1351	1141.677
1352	1141.406
1353	1141.466
1354	1141.602
1355	1141.421
1356	1141.647
1357	1141.888
1358	1141.542
1359	1140.97
1360	1141.181
1361	1141.481
1362	1141.632
1363	1141.481
1364	1141.271
1365	1140.835
1366	1141.466
1367	1141.271
1368	1141.241
1369	1141.527
1370	1141.316
1371	1141.572
1372	1141.015
1373	1141.662
1374	1141.421
1375	1141.211
1376	1141.151
1377	1141.331
1378	1141.557
1379	1141.602
1380	1141.707
1381	1141
1382	1141.602
1383	1141.617
1384	1142.083
1385	1142.354
1386	1142.896
1387	1142.174
1388	1142.038
1389	1142.309
1390	1142.143
1391	1142.219
1392	1141.948
1393	1141.346
1394	1141.06
1395	1141.722
1396	1142.023
1397	1141.752
1398	1141.602
1399	1141.015
1400	1140.91
1401	1141.406
1402	1141.692
1403	1141.241
1404	1140.925
1405	1140.955
1406	1140.865
1407	1140.759
1408	1141.256
1409	1141.316
1410	1141.481
1411	1141.331
1412	1141.346
1413	1140.985
1414	1141.737
1415	1141.481
1416	1141.12
1417	1141.075
1418	1140.639
1419	1140.157
1420	1140.97
1421	1141.03
1422	1141.421
1423	1140.94
1424	1140.804
1425	1140.534
1426	1141.166
1427	1141.045
1428	1141.301
1429	1141.151
1430	1140.654
1431	1140.85
1432	1141.241
1433	1141.12
1434	1140.94
1435	1140.789
1436	1140.955
1437	1141.09
1438	1141.075
1439	1140.654
1440	1140.819
1441	1140.88
1442	1141.211
1443	1141.105
1444	1141.09
1445	1141.271
1446	1140.94
1447	1141.512
1448	1141.527
1449	1141.105
1450	1141.181
1451	1140.88
1452	1140.819
1453	1140.804
1454	1140.85
1455	1141.316
1456	1141.331
1457	1140.94
1458	1140.85
1459	1140.684
1460	1141.451
1461	1141.602
1462	1141.316
1463	1140.955
1464	1140.654
1465	1140.985
1466	1141.241
1467	1141.12
1468	1141.301
1469	1141.105
1470	1141.105
1471	1141.677
1472	1142.113
1473	1141.527
1474	1141.617
1475	1141.602
1476	1141.888
1477	1141.451
1478	1141.497
1479	1141.512
1480	1141.813
1481	1141.376
1482	1141.391
1483	1141.045
1484	1140.835
1485	1140.639
1486	1140.699
1487	1140.338
1488	1140.474
1489	1140.203
1490	1140.925
1491	1140.985
1492	1141
1493	1140.925
1494	1140.819
1495	1141.09
1496	1141.557
1497	1141.226
1498	1141.271
1499	1141.557
1500	1141.512
1501	1141
1502	1141.105
1503	1141.301
1504	1140.94
1505	1140.819
1506	1140.609
1507	1140.729
1508	1141
1509	1141.105
1510	1140.458
1511	1140.624
1512	1141.135
1513	1141.391
1514	1141.316
1515	1140.759
1516	1140.97
1517	1140.669
1518	1140.639
1519	1140.94
1520	1140.925
1521	1141.226
1522	1140.714
1523	1140.549
1524	1140.714
1525	1140.835
1526	1140.759
1527	1141
1528	1140.428
1529	1140.248
1530	1140.684
1531	1140.609
1532	1140.865
1533	1140.759
1534	1141.03
1535	1140.759
1536	1140.428
1537	1140.474
1538	1140.338
1539	1140.368
1540	1140.564
1541	1140.819
1542	1140.624
1543	1141
1544	1140.684
1545	1140.759
1546	1140.323
1547	1140.579
1548	1140.458
1549	1140.398
1550	1140.173
1551	1140.669
1552	1140.94
1553	1140.835
1554	1140.248
1555	1140.007
1556	1140.549
1557	1140.759
1558	1140.835
1559	1140.835
1560	1140.564
1561	1140.428
1562	1140.699
1563	1140.819
1564	1140.639
1565	1140.774
1566	1140.398
1567	1140.759
1568	1140.639
1569	1140.052
1570	1140.293
1571	1140.203
1572	1140.127
1573	1140.127
1574	1140.248
1575	1140.443
1576	1140.609
1577	1141.301
1578	1140.564
1579	1140.564
1580	1140.308
1581	1140.308
1582	1140.323
1583	1140.383
1584	1140.428
1585	1140.624
1586	1140.549
1587	1140.368
1588	1140.669
1589	1140.895
1590	1140.789
1591	1141.346
1592	1141.662
1593	1141.617
1594	1141.421
1595	1141.09
1596	1141.451
1597	1141.211
1598	1141.09
1599	1140.985
1600	1140.88
1601	1140.925
1602	1140.819
1603	1141.572
1604	1141.451
1605	1140.94
1606	1140.789
1607	1140.729
1608	1140.519
1609	1140.925
1610	1140.94
1611	1140.729
1612	1140.985
1613	1140.398
1614	1140.534
1615	1139.857
1616	1140.278
1617	1140.218
1618	1139.631
1619	1140.067
1620	1139.872
1621	1139.646
1622	1139.195
1623	1138.939
1624	1139.721
1625	1139.887
1626	1139.962
1627	1140.157
1628	1139.902
1629	1139.646
1630	1139.48
1631	1139.571
1632	1139.631
1633	1140.067
1634	1140.323
1635	1140.308
1636	1140.037
1637	1139.811
1638	1139.992
1639	1139.736
1640	1140.428
1641	1140.519
1642	1139.857
1643	1140.233
1644	1139.947
1645	1140.428
1646	1140.443
1647	1140.278
1648	1140.278
1649	1140.248
1650	1140.624
1651	1140.458
1652	1140.308
1653	1139.902
1654	1139.736
1655	1139.887
1656	1139.962
1657	1140.564
1658	1140.654
1659	1140.263
1660	1140.383
1661	1140.308
1662	1140.248
1663	1140.007
1664	1140.804
1665	1140.489
1666	1140.398
1667	1140.323
1668	1140.172
1669	1140.413
1670	1139.465
1671	1139.495
1672	1138.939
1673	1139.601
1674	1139.631
1675	1140.082
1676	1139.721
1677	1139.556
1678	1139.45
1679	1138.954
1680	1139.179
1681	1139.405
1682	1139.39
1683	1139.42
1684	1138.818
1685	1139.149
1686	1139.134
1687	1139.36
1688	1140.037
1689	1139.721
1690	1139.435
1691	1139.571
1692	1139.766
1693	1139.766
1694	1138.939
1695	1139.691
1696	1138.954
1697	1139.51
1698	1139.164
1699	1139.195
1700	1138.969
1701	1138.864
1702	1139.255
1703	1138.909
1704	1138.578
1705	1139.495
1706	1138.548
1707	1138.773
1708	1138.758
1709	1138.367
1710	1138.683
1711	1139.21
1712	1138.894
1713	1139.646
1714	1139.33
1715	1139.149
1716	1138.803
1717	1139.059
1718	1138.653
1719	1138.653
1720	1138.322
1721	1138.457
1722	1138.412
1723	1138.472
1724	1138.262
1725	1138.217
1726	1138.111
1727	1138.502
1728	1138.487
1729	1138.367
1730	1138.187
1731	1137.66
1732	1137.66
1733	1137.795
1734	1138.307
1735	1138.187
1736	1138.006
1737	1138.081
1738	1138.533
1739	1138.593
1740	1138.728
1741	1138.593
1742	1138.412
1743	1138.172
1744	1138.051
1745	1138.081
1746	1138.262
1747	1138.442
1748	1137.976
1749	1138.217
1750	1138.517
1751	1137.976
1752	1138.382
1753	1138.397
1754	1138.442
1755	1138.849
1756	1138.713
1757	1138.036
1758	1137.931
1759	1137.344
1760	1137.178
1761	1137.705
1762	1137.81
1763	1137.991
1764	1137.585
1765	1137.78
1766	1137.69
1767	1137.6
1768	1137.555
1769	1137.976
1770	1137.57
1771	1137.69
1772	1137.63
1773	1138.517
1774	1138.292
1775	1137.735
1776	1138.187
1777	1138.292
1778	1138.021
1779	1138.548
1780	1138.683
1781	1139.36
1782	1139.706
1783	1139.796
1784	1139.179
1785	1138.818
1786	1138.743
1787	1138.894
1788	1138.743
1789	1139.27
1790	1138.984
1791	1138.879
1792	1138.728
1793	1138.487
1794	1138.623
1795	1138.502
1796	1138.683
1797	1138.818
1798	1138.728
1799	1138.728
1800	1138.593
1801	1138.578
1802	1138.202
1803	1138.172
1804	1138.096
1805	1137.886
1806	1137.72
1807	1137.51
1808	1138.141
1809	1137.494
1810	1137.299
1811	1137.931
1812	1137.795
1813	1137.825
1814	1138.021
1815	1138.217
1816	1137.991
1817	1138.081
1818	1137.464
1819	1137.705
1820	1137.871
1821	1138.051
1822	1138.081
1823	1137.931
1824	1137.75
1825	1138.382
1826	1137.81
1827	1137.51
1828	1137.615
1829	1137.871
1830	1138.232
1831	1137.976
1832	1137.75
1833	1137.6
1834	1138.217
1835	1138.337
1836	1138.758
1837	1138.593
1838	1138.247
1839	1137.795
1840	1137.916
1841	1138.081
1842	1138.382
1843	1138.487
1844	1138.864
1845	1138.337
1846	1138.728
1847	1139.225
1848	1138.262
1849	1138.292
1850	1138.517
1851	1138.698
1852	1138.322
1853	1138.126
1854	1138.427
1855	1138.126
1856	1138.217
1857	1138.382
1858	1137.946
1859	1137.81
1860	1137.825
1861	1137.886
1862	1137.464
1863	1137.765
1864	1137.494
1865	1137.66
1866	1137.555
1867	1137.75
1868	1138.141
1869	1137.675
1870	1137.871
1871	1137.825
1872	1137.66
1873	1137.585
1874	1137.239
1875	1137.193
1876	1137.208
1877	1136.757
1878	1136.893
1879	1136.682
1880	1136.501
1881	1137.148
1882	1136.802
1883	1136.622
1884	1136.637
1885	1136.953
1886	1137.178
1887	1136.772
1888	1137.088
1889	1136.847
1890	1137.148
1891	1136.878
1892	1137.028
1893	1136.742
1894	1136.667
1895	1136.396
1896	1136.547
1897	1136.426
1898	1136.727
1899	1136.772
1900	1136.426
1901	1136.847
1902	1136.908
1903	1136.968
1904	1136.396
1905	1136.381
1906	1136.622
1907	1136.742
1908	1136.862
1909	1136.441
1910	1136.637
1911	1136.983
1912	1136.471
1913	1136.862
1914	1137.254
1915	1137.013
1916	1136.938
1917	1137.058
1918	1137.299
1919	1137.269
1920	1136.998
1921	1136.968
1922	1137.073
1923	1137.043
1924	1136.005
1925	1136.817
1926	1137.178
1927	1137.133
1928	1137.69
1929	1137.389
1930	1137.088
1931	1137.013
1932	1136.667
1933	1136.847
1934	1137.389
1935	1136.637
1936	1137.57
1937	1137.163
1938	1137.269
1939	1137.825
1940	1136.862
1941	1137.088
1942	1137.359
1943	1137.479
1944	1137.163
1945	1136.757
1946	1136.757
1947	1136.667
1948	1136.757
1949	1136.456
1950	1136.772
1951	1136.742
1952	1137.494
1953	1137.299
1954	1136.938
1955	1137.028
1956	1136.817
1957	1137.103
1958	1137.389
1959	1137.088
1960	1136.456
1961	1136.847
1962	1137.163
1963	1137.675
1964	1137.118
1965	1137.088
1966	1137.525
1967	1137.103
1968	1137.81
1969	1137.163
1970	1137.344
1971	1137.239
1972	1137.163
1973	1137.404
1974	1137.178
1975	1137.208
1976	1136.757
1977	1136.787
1978	1137.585
1979	1137.254
1980	1137.404
1981	1137.434
1982	1137.78
1983	1137.374
1984	1137.645
1985	1137.765
1986	1137.269
1987	1137.359
1988	1137.479
1989	1137.795
1990	1137.735
1991	1137.57
1992	1138.066
1993	1137.72
1994	1138.292
1995	1138.096
1996	1137.81
1997	1137.69
1998	1137.615
1999	1137.299
2000	1136.847
2001	1136.953
2002	1137.359
2003	1137.028
2004	1137.103
2005	1137.178
2006	1137.645
2007	1138.081
2008	1137.931
2009	1137.886
2010	1138.096
2011	1138.277
2012	1137.464
2013	1138.081
2014	1137.72
2015	1137.961
2016	1137.615
2017	1137.765
2018	1137.795
2019	1138.111
2020	1138.187
2021	1138.202
2022	1138.412
2023	1138.563
2024	1138.533
2025	1138.222
2026	1138.141
2027	1137.314
2028	1136.968
2029	1136.908
2030	1137.193
2031	1137.479
2032	1136.878
2033	1137.389
2034	1136.893
2035	1136.938
2036	1136.953
2037	1136.622
2038	1137.088
2039	1136.516
2040	1136.306
2041	1136.607
2042	1136.802
2043	1136.577
2044	1136.697
2045	1136.381
2046	1136.531
2047	1136.727
2048	1136.607
2049	1136.908
2050	1136.817
2051	1137.118
2052	1137.043
2053	1136.878
2054	1136.908
2055	1137.088
2056	1137.389
2057	1136.908
2058	1137.178
2059	1137.494
2060	1137.254
2061	1136.968
2062	1137.028
2063	1137.208
2064	1136.607
2065	1136.772
2066	1136.727
2067	1136.155
2068	1136.306
2069	1136.321
2070	1136.306
2071	1136.035
2072	1135.839
2073	1135.298
2074	1135.268
2075	1135.343
2076	1135.283
2077	1135.704
2078	1135.523
2079	1135.027
2080	1135.554
2081	1135.373
2082	1134.982
2083	1135.493
2084	1135.779
2085	1135.493
2086	1135.96
2087	1135.945
2088	1135.614
2089	1135.809
2090	1135.794
2091	1136.155
2092	1135.749
2093	1136.216
2094	1136.17
2095	1135.674
2096	1135.554
2097	1136.035
2098	1136.531
2099	1136.607
2100	1136.531
2101	1136.456
2102	1136.637
2103	1136.291
2104	1135.915
2105	1136.005
2106	1135.87
2107	1136.231
2108	1135.99
2109	1135.268
2110	1135.057
2111	1135.328
2112	1135.268
2113	1135.403
2114	1134.967
2115	1134.53
2116	1134.831
2117	1134.365
2118	1134.365
2119	1134.32
2120	1134.545
2121	1134.32
2122	1134.229
2123	1134.651
2124	1134.771
2125	1134.801
2126	1134.229
2127	1134.229
2128	1133.898
2129	1134.425
2130	1134.064
2131	1134.831
2132	1134.38
2133	1134.305
2134	1134.26
2135	1134.275
2136	1134.651
2137	1134.891
2138	1134.245
2139	1134.515
2140	1134.952
2141	1134.786
2142	1134.666
2143	1134.5
2144	1134.651
2145	1134.726
2146	1134.696
2147	1134.53
2148	1134.801
2149	1135.012
2150	1135.087
2151	1135.132
2152	1135.042
2153	1134.651
2154	1134.651
2155	1134.636
2156	1134.906
2157	1134.545
2158	1134.425
2159	1134.29
2160	1134.229
2161	1133.733
2162	1134.606
2163	1134.109
2164	1133.598
2165	1133.763
2166	1133.883
2167	1133.838
2168	1133.868
2169	1133.898
2170	1133.898
2171	1134.079
2172	1133.823
2173	1133.808
2174	1133.823
2175	1133.823
2176	1134.41
2177	1134.184
2178	1134.545
2179	1134.229
2180	1134.199
2181	1134.335
2182	1134.199
2183	1134.305
2184	1134.666
2185	1134.275
2186	1134.305
2187	1134.214
2188	1134.154
2189	1134.229
2190	1134.26
2191	1134.229
2192	1134.049
2193	1133.658
2194	1133.658
2195	1134.094
2196	1133.808
2197	1134.275
2198	1134.29
2199	1134.32
2200	1134.109
2201	1134.395
2202	1134.771
2203	1134.846
2204	1134.846
2205	1135.253
2206	1134.861
2207	1135.433
2208	1135.177
2209	1135.207
2210	1135.222
2211	1135.162
2212	1134.771
2213	1135.192
2214	1135.012
2215	1134.861
2216	1134.937
2217	1135.102
2218	1135.102
2219	1134.937
2220	1135.418
2221	1135.538
2222	1135.238
2223	1135.268
2224	1135.493
2225	1135.554
2226	1135.523
2227	1135.629
2228	1135.463
2229	1135.689
2230	1135.478
2231	1135.764
2232	1136.065
2233	1136.246
2234	1135.975
2235	1136.065
2236	1136.231
2237	1135.9
2238	1136.456
2239	1136.531
2240	1136.577
2241	1136.667
2242	1136.562
2243	1136.321
2244	1136.547
2245	1136.622
2246	1135.945
2247	1135.764
2248	1135.554
2249	1135.659
2250	1135.674
2251	1135.388
2252	1135.809
2253	1135.749
2254	1135.569
2255	1135.403
2256	1135.072
2257	1135.042
2258	1134.906
2259	1134.997
2260	1134.756
2261	1135.042
2262	1133.974
2263	1134.199
2264	1133.868
2265	1133.733
2266	1133.853
2267	1133.823
2268	1133.838
2269	1134.32
2270	1133.778
2271	1133.432
2272	1133.161
2273	1133.387
2274	1133.161
2275	1132.891
2276	1132.74
2277	1132.8
2278	1133.131
2279	1133.432
2280	1133.733
2281	1133.688
2282	1133.748
2283	1133.974
2284	1133.823
2285	1134.064
2286	1134.154
2287	1134.109
2288	1134.094
2289	1133.778
2290	1134.019
2291	1134.455
2292	1133.914
2293	1133.568
2294	1134.049
2295	1134.064
2296	1133.929
2297	1134.29
2298	1134.32
2299	1134.545
2300	1134.606
2301	1134.741
2302	1134.515
2303	1134.636
2304	1134.515
2305	1134.606
2306	1134.771
2307	1134.576
2308	1134.38
2309	1134.35
2310	1134.621
2311	1134.846
2312	1134.967
2313	1134.064
2314	1133.868
2315	1134.079
2316	1134.079
2317	1133.944
2318	1134.214
2319	1134.169
2320	1134.41
2321	1134.154
2322	1134.245
2323	1133.838
2324	1133.598
2325	1133.357
2326	1133.823
2327	1133.778
2328	1133.522
2329	1134.214
2330	1133.929
2331	1134.154
2332	1134.034
2333	1133.868
2334	1134.064
2335	1133.673
2336	1133.447
2337	1133.146
2338	1133.116
2339	1133.552
2340	1133.282
2341	1133.748
2342	1133.252
2343	1132.77
2344	1133.718
2345	1133.929
2346	1133.086
2347	1133.282
2348	1133.026
2349	1133.342
2350	1133.643
2351	1133.387
2352	1133.959
2353	1133.492
2354	1133.778
2355	1133.537
2356	1133.552
2357	1133.914
2358	1133.598
2359	1133.236
2360	1133.267
2361	1133.236
2362	1133.282
2363	1133.417
2364	1132.921
2365	1133.658
2366	1134.064
2367	1133.823
2368	1133.613
2369	1133.944
2370	1133.703
2371	1133.537
2372	1133.883
2373	1133.733
2374	1133.718
2375	1134.004
2376	1134.169
2377	1133.658
2378	1133.974
2379	1133.583
2380	1133.763
2381	1133.131
2382	1133.522
2383	1133.387
2384	1133.718
2385	1133.447
2386	1133.914
2387	1134.079
2388	1134.455
2389	1134.184
2390	1134.064
2391	1133.914
2392	1134.229
2393	1134.425
2394	1134.154
2395	1134.365
2396	1134.801
2397	1134.455
2398	1134.365
2399	1134.576
2400	1134.169
2401	1134.214
2402	1134.591
2403	1134.29
2404	1134.305
2405	1134.019
2406	1133.853
2407	1133.793
2408	1133.643
2409	1134.094
2410	1134.019
2411	1134.094
2412	1133.492
2413	1133.598
2414	1133.568
2415	1134.109
2416	1133.688
2417	1133.372
2418	1132.785
2419	1133.146
2420	1133.492
2421	1133.432
2422	1133.643
2423	1134.199
2424	1133.417
2425	1133.026
2426	1133.252
2427	1132.785
2428	1132.845
2429	1132.86
2430	1132.289
2431	1132.228
2432	1132.59
2433	1132.469
2434	1132.048
2435	1132.574
2436	1132.153
2437	1132.319
2438	1132.665
2439	1133.402
2440	1133.086
2441	1132.635
2442	1132.966
2443	1132.725
2444	1132.544
2445	1132.71
2446	1132.604
2447	1132.033
2448	1132.213
2449	1131.958
2450	1132.379
2451	1132.168
2452	1131.988
2453	1132.078
2454	1132.319
2455	1131.672
2456	1131.175
2457	1132.198
2458	1132.048
2459	1132.544
2460	1132.635
2461	1131.777
2462	1132.048
2463	1131.867
2464	1131.491
2465	1131.822
2466	1131.762
2467	1132.168
2468	1132.108
2469	1131.882
2470	1132.123
2471	1131.747
2472	1131.281
2473	1130.694
2474	1130.98
2475	1131.341
2476	1131.401
2477	1131.145
2478	1131.13
2479	1131.13
2480	1131.266
2481	1130.754
2482	1131.371
2483	1131.16
2484	1131.326
2485	1131.431
2486	1131.311
2487	1131.401
2488	1131.326
2489	1131.747
2490	1131.822
2491	1131.687
2492	1132.078
2493	1132.093
2494	1131.446
2495	1131.958
2496	1132.138
2497	1132.424
2498	1131.882
2499	1132.153
2500	1132.544
2501	1131.822
2502	1131.717
2503	1131.867
2504	1132.379
2505	1132.259
2506	1132.138
2507	1131.988
2508	1131.581
2509	1131.566
2510	1131.431
2511	1131.777
2512	1131.431
2513	1131.927
2514	1132.048
2515	1132.424
2516	1132.243
2517	1132.8
2518	1132.951
2519	1132.891
2520	1132.83
2521	1132.906
2522	1132.981
2523	1133.583
2524	1132.665
2525	1132.274
2526	1131.536
2527	1131.973
2528	1131.687
2529	1131.777
2530	1131.627
2531	1131.792
2532	1131.536
2533	1131.702
2534	1131.581
2535	1131.762
2536	1131.958
2537	1131.762
2538	1131.235
2539	1131.566
2540	1132.198
2541	1131.416
2542	1131.717
2543	1131.19
2544	1131.356
2545	1130.95
2546	1130.919
2547	1130.724
2548	1130.814
2549	1131.235
2550	1131.281
2551	1130.769
2552	1130.649
2553	1130.98
2554	1131.115
2555	1130.874
2556	1131.341
2557	1131.476
2558	1131.762
2559	1131.988
2560	1132.243
2561	1132.319
2562	1132.048
2563	1132.785
2564	1132.755
2565	1132.83
2566	1132.815
2567	1133.041
2568	1132.695
2569	1132.815
2570	1132.529
2571	1132.093
2572	1132.048
2573	1131.958
2574	1131.747
2575	1131.491
2576	1131.912
2577	1131.521
2578	1131.837
2579	1131.822
2580	1131.612
2581	1131.145
2582	1131.055
2583	1131.281
2584	1131.145
2585	1131.16
2586	1130.634
2587	1130.904
2588	1130.573
2589	1130.649
2590	1130.754
2591	1130.844
2592	1130.724
2593	1130.513
2594	1130.874
2595	1130.107
2596	1130.724
2597	1130.528
2598	1130.378
2599	1130.724
2600	1131.341
2601	1131.085
2602	1131.431
2603	1131.055
2604	1131.566
2605	1131.04
2606	1131.07
2607	1131.281
2608	1130.709
2609	1130.303
2610	1130.649
2611	1130.634
2612	1130.152
2613	1130.303
2614	1130.318
2615	1130.363
2616	1130.393
2617	1130.769
2618	1130.573
2619	1130.287
2620	1130.769
2621	1130.513
2622	1130.363
2623	1130.393
2624	1130.543
2625	1130.754
2626	1130.769
2627	1130.257
2628	1130.604
2629	1130.874
2630	1130.769
2631	1131.025
2632	1130.889
2633	1130.619
2634	1130.739
2635	1130.573
2636	1130.287
2637	1130.272
2638	1130.573
2639	1130.483
2640	1130.528
2641	1130.092
2642	1130.257
2643	1130.257
2644	1129.701
2645	1129.851
2646	1130.032
2647	1129.851
2648	1130.378
2649	1130.137
2650	1130.197
2651	1130.062
2652	1130.423
2653	1130.589
2654	1130.453
2655	1130.453
2656	1130.649
2657	1130.619
2658	1130.348
2659	1130.874
2660	1130.919
2661	1130.498
2662	1130.408
2663	1130.604
2664	1130.302
2665	1130.453
2666	1130.859
2667	1130.649
2668	1130.528
2669	1130.965
2670	1130.498
2671	1130.333
2672	1130.724
2673	1130.573
2674	1131.13
2675	1131.01
2676	1130.965
2677	1131.16
2678	1130.98
2679	1131.145
2680	1130.814
2681	1130.769
2682	1130.769
2683	1130.724
2684	1130.573
2685	1130.799
2686	1130.829
2687	1130.453
2688	1130.679
2689	1129.896
2690	1130.002
2691	1129.987
2692	1130.122
2693	1130.047
2694	1129.972
2695	1129.987
2696	1130.092
2697	1129.761
2698	1130.318
2699	1130.348
2700	1129.911
2701	1130.107
2702	1129.987
2703	1130.017
2704	1130.348
2705	1130.483
2706	1130.438
2707	1130.98
2708	1131.085
2709	1131.04
2710	1130.724
2711	1130.739
2712	1130.859
2713	1130.919
2714	1131.25
2715	1131.19
2716	1130.619
2717	1130.513
2718	1130.498
2719	1130.363
2720	1130.227
2721	1130.468
2722	1130.348
2723	1130.137
2724	1130.152
2725	1129.941
2726	1130.017
2727	1129.926
2728	1129.987
2729	1130.107
2730	1130.348
2731	1130.062
2732	1129.866
2733	1130.257
2734	1129.731
2735	1130.062
2736	1130.167
2737	1130.378
2738	1130.288
2739	1130.393
2740	1130.543
2741	1130.649
2742	1130.438
2743	1130.739
2744	1130.483
2745	1130.378
2746	1130.814
2747	1130.739
2748	1130.483
2749	1130.212
2750	1129.987
2751	1130.393
2752	1130.197
2753	1130.077
2754	1130.543
2755	1130.257
2756	1130.032
2757	1130.197
2758	1130.348
2759	1129.881
2760	1130.092
2761	1129.972
2762	1129.881
2763	1129.941
2764	1129.58
2765	1129.656
2766	1129.37
2767	1129.415
2768	1129.415
2769	1129.295
2770	1129.821
2771	1129.821
2772	1129.671
2773	1129.445
2774	1129.49
2775	1129.58
2776	1129.595
2777	1129.821
2778	1129.325
2779	1129.37
2780	1129.445
2781	1129.851
2782	1129.896
2783	1129.686
2784	1129.881
2785	1129.821
2786	1129.52
2787	1129.776
2788	1130.002
2789	1129.731
2790	1129.716
2791	1129.881
2792	1129.881
2793	1129.505
2794	1129.625
2795	1129.716
2796	1129.716
2797	1129.625
2798	1129.701
2799	1129.851
2800	1129.686
2801	1129.776
2802	1129.761
2803	1129.535
2804	1129.731
2805	1129.896
2806	1129.791
2807	1130.197
2808	1129.625
2809	1130.002
2810	1129.851
2811	1129.776
2812	1129.881
2813	1129.926
2814	1129.43
2815	1129.595
2816	1129.836
2817	1129.656
2818	1129.355
2819	1129.535
2820	1129.234
2821	1129.249
2822	1129.054
2823	1129.084
2824	1128.708
2825	1129.159
2826	1129.445
2827	1129.144
2828	1129.084
2829	1129.144
2830	1129.761
2831	1129.295
2832	1129.054
2833	1129.716
2834	1129.881
2835	1129.866
2836	1129.761
2837	1130.107
2838	1129.972
2839	1130.092
2840	1129.972
2841	1130.137
2842	1129.957
2843	1130.107
2844	1129.947
2845	1129.325
2846	1129.746
2847	1129.46
2848	1129.656
2849	1130.002
2850	1129.535
2851	1130.137
2852	1129.911
2853	1129.761
2854	1129.671
2855	1129.881
2856	1129.866
2857	1129.896
2858	1129.46
2859	1129.55
2860	1129.61
2861	1129.52
2862	1129.43
2863	1128.843
2864	1129.219
2865	1129.34
2866	1129.4
2867	1129.355
2868	1129.099
2869	1128.587
2870	1129.114
2871	1129.054
2872	1128.918
2873	1129.099
2874	1129.475
2875	1129.686
2876	1129.61
2877	1129.249
2878	1128.678
2879	1128.948
2880	1128.888
2881	1128.332
2882	1128.452
2883	1128.648
2884	1128.602
2885	1128.196
2886	1128.527
2887	1128.768
2888	1128.693
2889	1128.753
2890	1128.828
2891	1128.678
2892	1128.948
2893	1129.189
2894	1128.918
2895	1128.633
2896	1129.355
2897	1128.979
2898	1128.888
2899	1129.114
2900	1128.693
2901	1128.587
2902	1128.572
2903	1128.392
2904	1128.512
2905	1129.129
2906	1129.174
2907	1128.948
2908	1129.009
2909	1128.602
2910	1129.144
2911	1129.325
2912	1129.49
2913	1129.4
2914	1129.565
2915	1129.475
2916	1129.099
2917	1129.204
2918	1129.355
2919	1129.325
2920	1129.264
2921	1129.505
2922	1128.873
2923	1129.084
2924	1128.964
2925	1129.159
2926	1129.415
2927	1129.595
2928	1129.61
2929	1129.58
2930	1129.911
2931	1129.686
2932	1129.535
2933	1129.866
2934	1129.806
2935	1129.731
2936	1129.625
2937	1129.264
2938	1129.174
2939	1129.129
2940	1129.114
2941	1129.009
2942	1128.903
2943	1129.024
2944	1128.648
2945	1128.798
2946	1128.933
2947	1128.633
2948	1128.873
2949	1129.039
2950	1128.828
2951	1128.076
2952	1128.061
2953	1127.745
2954	1127.955
2955	1128.136
2956	1128.271
2957	1127.805
2958	1128.061
2959	1127.91
2960	1128.016
2961	1128.602
2962	1128.181
2963	1127.85
2964	1127.805
2965	1128.136
2966	1128.332
2967	1127.88
2968	1127.579
2969	1128.001
2970	1127.88
2971	1128.121
2972	1128.091
2973	1128.302
2974	1128.542
2975	1128.467
2976	1128.226
2977	1128.422
2978	1128.332
2979	1128.317
2980	1127.895
2981	1127.7
2982	1127.76
2983	1128.106
2984	1127.64
2985	1128.422
2986	1128.271
2987	1128.091
2988	1127.835
2989	1128.241
2990	1128.617
2991	1128.377
2992	1128.121
2993	1128.181
2994	1128.482
2995	1128.407
2996	1129.129
2997	1128.633
2998	1128.903
2999	1129.279
3000	1129.099
3001	1129.009
3002	1128.948
3003	1128.693
3004	1128.663
3005	1128.286
3006	1128.572
3007	1128.617
3008	1128.031
3009	1127.76
3010	1127.76
3011	1127.88
3012	1127.519
3013	1127.429
3014	1127.008
3015	1126.782
3016	1127.008
3017	1127.429
3018	1126.661
3019	1127.143
3020	1126.842
3021	1126.917
3022	1126.436
3023	1126.752
3024	1126.707
3025	1127.369
3026	1126.842
3027	1127.098
3028	1127.158
3029	1127.203
3030	1127.263
3031	1127.098
3032	1127.113
3033	1126.827
3034	1127.098
3035	1127.143
3036	1127.384
3037	1127.609
3038	1127.128
3039	1127.85
3040	1128.046
3041	1127.489
3042	1127.775
3043	1127.64
3044	1128.046
3045	1127.339
3046	1127.444
3047	1127.068
3048	1126.842
3049	1126.707
3050	1127.038
3051	1126.962
3052	1126.466
3053	1126.21
3054	1126.677
3055	1127.158
3056	1126.932
3057	1126.812
3058	1126.511
3059	1126.631
3060	1126.661
3061	1126.782
3062	1126.511
3063	1126.947
3064	1126.556
3065	1127.143
3066	1127.278
3067	1127.113
3068	1126.767
3069	1127.474
3070	1127.579
3071	1127.128
3072	1127.068
3073	1126.707
3074	1126.661
3075	1127.399
3076	1126.586
3077	1126.466
3078	1126.947
3079	1126.872
3080	1126.993
3081	1126.872
3082	1127.203
3083	1127.008
3084	1127.73
3085	1127.023
3086	1127.248
3087	1127.293
3088	1126.556
3089	1126.481
3090	1126.707
3091	1126.902
3092	1126.737
3093	1126.677
3094	1126.947
3095	1126.812
3096	1126.376
3097	1126.105
3098	1126.316
3099	1126.451
3100	1127.008
3101	1127.038
3102	1126.692
3103	1126.902
3104	1127.113
3105	1126.661
3106	1127.248
3107	1126.947
3108	1126.978
3109	1126.601
3110	1126.722
3111	1126.887
3112	1126.947
3113	1126.887
3114	1126.707
3115	1126.631
3116	1126.752
3117	1126.677
3118	1126.631
3119	1126.466
3120	1127.083
3121	1127.173
3122	1126.767
3123	1126.466
3124	1126.932
3125	1126.707
3126	1126.692
3127	1126.677
3128	1126.541
3129	1126.661
3130	1126.842
3131	1127.053
3132	1126.993
3133	1127.158
3134	1127.293
3135	1127.489
3136	1126.947
3137	1127.038
3138	1127.248
3139	1127.023
3140	1127.248
3141	1126.993
3142	1126.947
3143	1126.767
3144	1126.631
3145	1126.255
3146	1126.496
3147	1126.195
3148	1126.135
3149	1126.451
3150	1126.346
3151	1126.316
3152	1126.707
3153	1126.797
3154	1126.601
3155	1127.203
3156	1127.308
3157	1127.489
3158	1127.67
3159	1127.429
3160	1127.519
3161	1126.993
3162	1127.128
3163	1126.902
3164	1127.278
3165	1127.308
3166	1127.278
3167	1126.902
3168	1126.917
3169	1126.285
3170	1126.481
3171	1126.165
3172	1126.496
3173	1126.707
3174	1126.767
3175	1126.872
3176	1126.842
3177	1126.887
3178	1126.692
3179	1126.436
3180	1126.436
3181	1126.255
3182	1126.255
3183	1126.27
3184	1126.631
3185	1127.263
3186	1126.932
3187	1126.707
3188	1126.842
3189	1126.872
3190	1127.023
3191	1127.429
3192	1127.113
3193	1126.932
3194	1127.399
3195	1127.023
3196	1127.233
3197	1127.098
3198	1127.083
3199	1127.158
3200	1126.827
3201	1127.73
3202	1127.685
3203	1127.188
3204	1127.128
3205	1127.308
3206	1127.173
3207	1127.083
3208	1127.038
3209	1127.023
3210	1126.601
3211	1126.767
3212	1126.285
3213	1126.797
3214	1126.12
3215	1126.225
3216	1126.601
3217	1126.812
3218	1126.331
3219	1126.421
3220	1126.556
3221	1126.707
3222	1126.902
3223	1126.887
3224	1126.436
3225	1126.3
3226	1126.105
3227	1125.879
3228	1126.376
3229	1126.346
3230	1126.225
3231	1126.541
3232	1126.045
3233	1126.045
3234	1126.556
3235	1126.421
3236	1126.421
3237	1126.285
3238	1125.954
3239	1126.3
3240	1125.984
3241	1126.105
3242	1125.593
3243	1126.06
3244	1126.105
3245	1126.571
3246	1126.045
3247	1126.376
3248	1126.135
3249	1125.864
3250	1126.285
3251	1125.954
3252	1125.894
3253	1125.383
3254	1125.954
3255	1125.623
3256	1125.247
3257	1125.774
3258	1125.789
3259	1126.03
3260	1125.262
3261	1125.834
3262	1126.331
3263	1126.075
3264	1126.496
3265	1126.105
3266	1126.045
3267	1126.165
3268	1126.376
3269	1126.09
3270	1126.195
3271	1126.135
3272	1126.3
3273	1126.24
3274	1126.18
3275	1126.015
3276	1125.563
3277	1125.894
3278	1126.045
3279	1126.195
3280	1126.331
3281	1126.586
3282	1126.15
3283	1126.571
3284	1126.962
3285	1126.797
3286	1126.646
3287	1126.331
3288	1126.586
3289	1126.616
3290	1126.511
3291	1126.24
3292	1126.12
3293	1125.744
3294	1125.684
3295	1125.654
3296	1125.699
3297	1125.142
3298	1125.232
3299	1125.608
3300	1125.488
3301	1125.187
3302	1125.578
3303	1125.172
3304	1124.721
3305	1125.383
3306	1124.751
3307	1125.232
3308	1125.202
3309	1125.368
3310	1125.262
3311	1125.503
3312	1125.473
3313	1125.563
3314	1125.699
3315	1125.443
3316	1125.413
3317	1125.443
3318	1125.006
3319	1125.082
3320	1125.232
3321	1124.766
3322	1125.277
3323	1125.383
3324	1125.503
3325	1125.623
3326	1125.819
3327	1125.804
3328	1125.533
3329	1125.277
3330	1125.067
3331	1124.961
3332	1124.661
3333	1124.721
3334	1124.736
3335	1125.142
3336	1125.262
3337	1125.187
3338	1125.142
3339	1125.157
3340	1125.383
3341	1125.172
3342	1125.428
3343	1124.931
3344	1125.202
3345	1125.518
3346	1125.127
3347	1124.615
3348	1124.661
3349	1124.856
3350	1124.45
3351	1125.006
3352	1124.676
3353	1124.36
3354	1124.706
3355	1124.645
3356	1124.42
3357	1124.886
3358	1124.51
3359	1124.6
3360	1124.661
3361	1124.676
3362	1124.916
3363	1124.284
3364	1124.254
3365	1124.239
3366	1124.134
3367	1124.269
3368	1123.788
3369	1123.999
3370	1123.788
3371	1124.074
3372	1123.953
3373	1123.953
3374	1123.592
3375	1123.577
3376	1123.953
3377	1124.044
3378	1124.194
3379	1124.104
3380	1123.938
3381	1123.878
3382	1123.517
3383	1123.968
3384	1123.953
3385	1123.983
3386	1124.089
3387	1124.164
3388	1124.314
3389	1124.721
3390	1124.42
3391	1123.878
3392	1123.382
3393	1123.788
3394	1123.698
3395	1123.698
3396	1123.999
3397	1123.773
3398	1124.029
3399	1124.164
3400	1123.983
3401	1124.284
3402	1123.818
3403	1124.014
3404	1123.923
3405	1123.953
3406	1123.652
3407	1123.999
3408	1123.667
3409	1123.397
3410	1123.472
3411	1123.321
3412	1123.216
3413	1123.397
3414	1123.352
3415	1123.682
3416	1123.457
3417	1123.773
3418	1124.209
3419	1123.938
3420	1124.194
3421	1124.6
3422	1124.615
3423	1124.104
3424	1124.164
3425	1124.029
3426	1124.104
3427	1123.713
3428	1124.149
3429	1123.833
3430	1123.953
3431	1123.938
3432	1124.239
3433	1124.014
3434	1124.209
3435	1124.39
3436	1124.014
3437	1124.344
3438	1124.074
3439	1124.39
3440	1124.691
3441	1124.194
3442	1124.284
3443	1124.149
3444	1123.788
3445	1124.059
3446	1124.405
3447	1124.089
3448	1123.487
3449	1123.803
3450	1123.833
3451	1123.442
3452	1123.427
3453	1123.893
3454	1124.089
3455	1124.074
3456	1124.344
3457	1123.999
3458	1124.48
3459	1124.555
3460	1124.48
3461	1124.375
3462	1124.209
3463	1124.074
3464	1123.352
3465	1123.923
3466	1124.344
3467	1124.179
3468	1124.014
3469	1123.953
3470	1123.863
3471	1123.592
3472	1123.848
3473	1123.818
3474	1123.442
3475	1123.397
3476	1123.096
3477	1122.84
3478	1123.141
3479	1122.975
3480	1123.111
3481	1123.517
3482	1123.291
3483	1123.382
3484	1123.337
3485	1123.457
3486	1123.698
3487	1123.698
3488	1123.051
3489	1123.457
3490	1123.728
3491	1123.562
3492	1123.637
3493	1123.246
3494	1123.412
3495	1123.427
3496	1123.291
3497	1123.923
3498	1123.938
3499	1123.863
3500	1123.848
3501	1123.607
3502	1124.029
3503	1124.375
3504	1124.51
3505	1124.48
3506	1124.615
3507	1124.164
3508	1124.329
3509	1124.375
3510	1124.751
3511	1124.916
3512	1124.826
3513	1124.059
3514	1124.886
3515	1125.217
3516	1124.48
3517	1124.525
3518	1124.691
3519	1125.006
3520	1125.037
3521	1124.676
3522	1124.751
3523	1124.736
3524	1124.45
3525	1124.194
3526	1123.788
3527	1123.216
3528	1123.186
3529	1122.945
3530	1123.276
3531	1122.78
3532	1123.532
3533	1122.885
3534	1122.87
3535	1122.539
3536	1122.509
3537	1122.073
3538	1122.313
3539	1122.494
3540	1122.208
3541	1122.253
3542	1122.434
3543	1122.193
3544	1122.359
3545	1122.72
3546	1122.343
3547	1122.343
3548	1122.704
3549	1122.554
3550	1123.201
3551	1122.9
3552	1122.675
3553	1123.096
3554	1122.96
3555	1122.268
3556	1121.952
3557	1121.982
3558	1122.313
3559	1123.021
3560	1122.975
3561	1123.141
3562	1122.825
3563	1123.005
3564	1122.328
3565	1122.193
3566	1122.118
3567	1122.449
3568	1122.268
3569	1122.389
3570	1123.111
3571	1122.735
3572	1122.975
3573	1122.69
3574	1123.547
3575	1123.126
3576	1122.885
3577	1122.93
3578	1123.051
3579	1122.765
3580	1122.945
3581	1122.374
3582	1122.93
3583	1123.156
3584	1122.825
3585	1123.005
3586	1122.81
3587	1122.434
3588	1123.005
3589	1122.72
3590	1123.036
3591	1123.562
3592	1123.141
3593	1122.659
3594	1122.539
3595	1122.554
3596	1122.78
3597	NaN
3598	NaN
3599	NaN
3600	1690
3601	NaN
3602	NaN
3603	NaN
3604	NaN
3605	NaN
3606	1122.118
3607	1122.343
3608	1122.268
3609	1122.78
3610	1122.449
3611	1122.148
3612	1121.967
3613	1122.343
3614	1121.922
3615	1121.847
3616	1122.449
3617	1122.524
3618	1122.509
3619	1122.343
3620	1122.268
3621	1121.697
3622	1121.832
3623	1121.697
3624	1121.757
3625	1122.042
3626	1122.073
3627	1121.817
3628	1121.471
3629	1121.651
3630	1121.2
3631	1121.2
3632	1121.335
3633	1121.456
3634	1121.727
3635	1121.305
3636	1121.501
3637	1121.35
3638	1121.396
3639	1121.561
3640	1121.937
3641	1121.651
3642	1122.193
3643	1121.802
3644	1121.787
3645	1121.712
3646	1121.937
3647	1122.042
3648	1122.253
3649	1122.9
3650	1123.111
3651	1122.915
3652	1122.118
3653	1121.757
3654	1122.419
3655	1122.795
3656	1122.975
3657	1122.825
3658	1122.479
3659	1122.208
3660	1121.922
3661	1121.561
3662	1122.148
3663	1122.208
3664	1122.193
3665	1123.171
3666	1122.78
3667	1122.419
3668	1122.343
3669	1122.223
3670	1122.539
3671	1122.419
3672	1122.253
3673	1122.644
3674	1122.975
3675	1122.584
3676	1122.178
3677	1122.118
3678	1122.584
3679	1122.298
3680	1122.72
3681	1122.434
3682	1122.268
3683	1122.629
3684	1122.268
3685	1121.997
3686	1122.042
3687	1122.81
3688	1122.494
3689	1122.644
3690	1122.644
3691	1122.614
3692	1122.073
3693	1122.193
3694	1122.208
3695	1121.952
3696	1122.494
3697	1122.404
3698	1122.434
3699	1122.223
3700	1122.704
3701	1123.321
3702	1123.442
3703	1123.276
3704	1123.878
3705	1123.367
3706	1122.945
3707	1123.066
3708	1123.306
3709	1123.005
3710	1123.878
3711	1123.848
3712	1124.179
3713	1123.863
3714	1123.321
3715	1123.908
3716	1124.36
3717	1124.299
	
