1	1041.575
2	1041.591
3	1041.834
4	1041.758
5	1041.682
6	1042.199
7	1042.001
8	1042.534
9	1042.853
10	1042.458
11	1042.732
12	1042.99
13	1042.914
14	1043.264
15	1043.127
16	1043.325
17	1043.568
18	1043.158
19	1043.888
20	1043.584
21	1043.858
22	1044.071
23	1044.314
24	1044.542
25	1044.618
26	1044.679
27	1044.907
28	1045.044
29	1044.907
30	1045.12
31	1045.744
32	1045.318
33	1045.485
34	1044.999
35	1045.348
36	1045.242
37	1044.725
38	1045.227
39	1044.846
40	1045.242
41	1045.318
42	1044.633
43	1044.907
44	1045.516
45	1045.09
46	1045.774
47	1044.801
48	1045.196
49	1046.003
50	1045.303
51	1045.653
52	1046.003
53	1045.805
54	1046.003
55	1045.987
56	1046.824
57	1046.444
58	1046.048
59	1046.353
60	1046.535
61	1046.216
62	1046.626
63	1045.82
64	1046.307
65	1046.657
66	1046.413
67	1046.566
68	1046.596
69	1046.763
70	1047.174
71	1047.083
72	1047.007
73	1037.726
74	1035.368
75	1034.471
76	1034.577
77	1035.216
78	1035.003
79	1035.094
80	1035.247
81	1035.079
82	1035.825
83	1035.429
84	1035.794
85	1035.612
86	1035.901
87	1035.536
88	1035.566
89	1035.794
90	1036.053
91	1035.931
92	1036.19
93	1036.555
94	1036.509
95	1036.951
96	1037.285
97	1037.498
98	1037.331
99	1037.787
100	1037.605
101	1038.229
102	1038.031
103	1038.594
104	1038.426
105	1038.67
106	1039.004
107	1039.111
108	1039.187
109	1039.446
110	1039.385
111	1040.221
112	1039.856
113	1040.693
114	1040.769
115	1040.389
116	1040.982
117	1040.982
118	1040.541
119	1040.937
120	1040.83
121	1040.967
122	1040.708
123	1041.058
124	1040.495
125	1040.313
126	1040.298
127	1040.054
128	1040.039
129	1040.313
130	1039.978
131	1039.461
132	1039.978
133	1039.902
134	1039.522
135	1039.567
136	1039.735
137	1039.689
138	1039.78
139	1039.872
140	1039.598
141	1039.932
142	1039.887
143	1039.765
144	1040.085
145	1039.735
146	1039.735
147	1039.567
148	1040.115
149	1039.796
150	1039.917
151	1040.419
152	1040.206
153	1040.191
154	1040.571
155	1040.434
156	1040.754
157	1040.952
158	1040.252
159	1040.602
160	1040.571
161	1040.632
162	1040.313
163	1040.389
164	1041.317
165	1040.845
166	1040.86
167	1040.906
168	1040.876
169	1041.134
170	1041.408
171	1041.302
172	1041.758
173	1041.88
174	1041.499
175	1042.062
176	1042.093
177	1042.093
178	1042.336
179	1042.443
180	1041.956
181	1042.777
182	1043.021
183	1042.473
184	1043.097
185	1043.112
186	1042.792
187	1042.64
188	1043.508
189	1043.219
190	1042.853
191	1043.477
192	1043.432
193	1043.188
194	1043.188
195	1043.599
196	1043.66
197	1043.477
198	1043.66
199	1043.523
200	1043.736
201	1043.538
202	1043.553
203	1044.071
204	1043.523
205	1043.599
206	1043.979
207	1043.721
208	1043.766
209	1043.797
210	1043.964
211	1044.223
212	1043.827
213	1043.979
214	1044.207
215	1043.979
216	1044.04
217	1044.846
218	1044.816
219	1045.196
220	1044.922
221	1044.983
222	1045.333
223	1045.242
224	1045.318
225	1045.592
226	1045.044
227	1045.546
228	1046.033
229	1045.911
230	1045.942
231	1046.261
232	1045.942
233	1046.276
234	1046.383
235	1046.611
236	1047.159
237	1046.9
238	1046.413
239	1046.855
240	1047.098
241	1046.778
242	1047.326
243	1047.357
244	1047.615
245	1047.843
246	1047.433
247	1047.889
248	1047.904
249	1048.102
250	1048.574
251	1048.117
252	1048.619
253	1048.711
254	1048.422
255	1048.832
256	1048.741
257	1048.787
258	1048.285
259	1048.969
260	1048.589
261	1048.65
262	1048.848
263	1048.878
264	1049.197
265	1049.441
266	1049.121
267	1048.848
268	1048.787
269	1049.152
270	1049.41
271	1049.41
272	1049.41
273	1049.669
274	1050.019
275	1049.76
276	1049.73
277	1050.034
278	1049.776
279	1049.654
280	1050.323
281	1050.202
282	1049.882
283	1049.699
284	1049.669
285	1049.639
286	1049.228
287	1050.049
288	1049.821
289	1049.441
290	1050.217
291	1049.593
292	1049.912
293	1049.699
294	1049.897
295	1049.897
296	1050.125
297	1049.928
298	1050.202
299	1050.536
300	1050.43
301	1050.369
302	1050.125
303	1050.293
304	1050.262
305	1050.262
306	1050.43
307	1050.384
308	1049.989
309	1050.262
310	1050.46
311	1050.369
312	1050.597
313	1050.552
314	1050.977
315	1050.719
316	1050.886
317	1051.008
318	1051.251
319	1051.266
320	1051.449
321	1051.282
322	1051.966
323	1051.921
324	1051.921
325	1052.027
326	1052.392
327	1051.951
328	1052.012
329	1051.845
330	1052.255
331	1052.377
332	1053.031
333	1052.605
334	1052.438
335	1052.484
336	1052.697
337	1052.514
338	1052.833
339	1052.894
340	1053.351
341	1053.442
342	1053.016
343	1053.001
344	1053.016
345	1053.32
346	1053.761
347	1053.001
348	1053.442
349	1052.681
350	1052.986
351	1053.122
352	1053.016
353	1053.122
354	1052.773
355	1053.122
356	1052.788
357	1053.29
358	1052.773
359	1053.046
360	1053.746
361	1053.777
362	1053.29
363	1053.853
364	1054.279
365	1054.416
366	1054.294
367	1054.568
368	1054.4
369	1054.477
370	1054.553
371	1055.039
372	1054.522
373	1054.75
374	1054.735
375	1054.689
376	1055.024
377	1054.72
378	1054.34
379	1054.75
380	1054.902
381	1054.644
382	1054.842
383	1054.431
384	1054.689
385	1055.024
386	1055.176
387	1055.663
388	1055.77
389	1055.648
390	1055.648
391	1056.272
392	1055.952
393	1055.967
394	1056.804
395	1056.378
396	1056.12
397	1056.606
398	1056.637
399	1056.287
400	1056.652
401	1056.622
402	1056.637
403	1056.5
404	1056.88
405	1056.622
406	1057.032
407	1057.154
408	1056.774
409	1056.728
410	1056.85
411	1056.774
412	1056.515
413	1057.276
414	1057.063
415	1056.804
416	1057.002
417	1056.698
418	1057.048
419	1056.682
420	1056.85
421	1056.865
422	1056.804
423	1057.23
424	1057.291
425	1057.017
426	1057.124
427	1057.595
428	1057.184
429	1057.519
430	1057.367
431	1058.173
432	1058.432
433	1058.417
434	1058.919
435	1058.204
436	1058.554
437	1058.828
438	1058.797
439	1058.341
440	1058.691
441	1059.101
442	1058.904
443	1058.797
444	1058.995
445	1059.025
446	1058.691
447	1059.436
448	1059.254
449	1058.721
450	1058.812
451	1059.193
452	1059.512
453	1058.812
454	1059.238
455	1058.645
456	1059.223
457	1058.782
458	1059.025
459	1059.497
460	1059.345
461	1059.132
462	1059.573
463	1059.984
464	1059.619
465	1059.147
466	1059.984
467	1060.334
468	1059.832
469	1059.999
470	1060.075
471	1059.695
472	1059.984
473	1060.471
474	1059.923
475	1060.197
476	1060.212
477	1060.44
478	1060.09
479	1060.41
480	1060.866
481	1060.379
482	1060.425
483	1060.592
484	1060.699
485	1060.197
486	1060.09
487	1060.577
488	1061.018
489	1060.851
490	1060.729
491	1060.745
492	1060.699
493	1060.501
494	1060.745
495	1060.805
496	1060.745
497	1061.155
498	1060.881
499	1060.668
500	1060.638
501	1060.866
502	1060.592
503	1061.003
504	1060.76
505	1061.444
506	1060.836
507	1060.684
508	1060.76
509	1061.064
510	1060.668
511	1060.836
512	1061.368
513	1061.064
514	1061.201
515	1061.825
516	1061.536
517	1062.099
518	1061.855
519	1062.022
520	1062.235
521	1062.479
522	1062.646
523	1062.387
524	1062.722
525	1062.661
526	1062.311
527	1062.433
528	1062.737
529	1062.753
530	1062.251
531	1062.54
532	1062.783
533	1061.84
534	1062.524
535	1062.068
536	1062.311
537	1062.114
538	1062.281
539	1062.722
540	1062.403
541	1061.764
542	1062.281
543	1062.418
544	1062.205
545	1062.083
546	1062.311
547	1062.357
548	1062.327
549	1062.479
550	1062.768
551	1062.768
552	1062.54
553	1062.479
554	1062.433
555	1062.296
556	1062.677
557	1062.844
558	1062.813
559	1063.27
560	1063.285
561	1062.935
562	1063.255
563	1062.737
564	1063.087
565	1063.072
566	1062.813
567	1063.179
568	1063.65
569	1063.605
570	1063.026
571	1063.696
572	1063.407
573	1063.498
574	1063.726
575	1063.924
576	1064.091
577	1064.274
578	1063.894
579	1064.289
580	1064.304
581	1064.107
582	1064.228
583	1064.426
584	1063.939
585	1064.137
586	1064.213
587	1064.228
588	1063.848
589	1064.198
590	1064.167
591	1064.457
592	1064.548
593	1064.259
594	1064.426
595	1064.365
596	1064.365
597	1065.095
598	1064.913
599	1064.594
600	1064.837
601	1064.898
602	1064.761
603	1064.959
604	1065.232
605	1064.867
606	1065.141
607	1065.43
608	1065.628
609	1065.308
610	1065.811
611	1065.674
612	1066.115
613	1065.902
614	1066.252
615	1066.13
616	1065.628
617	1066.161
618	1066.48
619	1066.054
620	1065.902
621	1066.084
622	1065.856
623	1065.871
624	1065.902
625	1065.993
626	1066.024
627	1066.161
628	1066.328
629	1065.765
630	1065.917
631	1065.902
632	1065.704
633	1066.024
634	1065.552
635	1066.039
636	1065.978
637	1065.948
638	1066.602
639	1066.069
640	1066.358
641	1066.526
642	1066.662
643	1066.693
644	1066.221
645	1066.784
646	1066.891
647	1066.739
648	1066.845
649	1066.891
650	1066.328
651	1066.343
652	1066.754
653	1066.845
654	1066.617
655	1067.347
656	1067.302
657	1067.53
658	1066.906
659	1067.012
660	1067.134
661	1067.149
662	1066.83
663	1066.83
664	1067.378
665	1067.332
666	1067.362
667	1066.662
668	1067.256
669	1067.317
670	1067.408
671	1067.393
672	1067.651
673	1067.367
674	1067.225
675	1067.195
676	1067.636
677	1067.469
678	1067.621
679	1067.469
680	1067.773
681	1067.682
682	1067.864
683	1067.606
684	1068.001
685	1068.549
686	1068.838
687	1068.488
688	1068.336
689	1068.595
690	1068.382
691	1068.61
692	1068.26
693	1068.595
694	1068.397
695	1068.534
696	1068.245
697	1068.412
698	1068.214
699	1067.773
700	1068.016
701	1068.732
702	1068.245
703	1068.032
704	1068.321
705	1068.336
706	1068.321
707	1068.093
708	1068.412
709	1068.062
710	1068.001
711	1068.534
712	1068.929
713	1068.153
714	1068.199
715	1068.473
716	1068.762
717	1068.99
718	1068.96
719	1068.853
720	1068.534
721	1068.549
722	1068.777
723	1068.229
724	1068.899
725	1068.595
726	1068.884
727	1068.716
728	1069.249
729	1068.884
730	1068.808
731	1069.523
732	1069.69
733	1068.838
734	1069.066
735	1069.264
736	1068.899
737	1068.473
738	1068.169
739	1068.671
740	1068.762
741	1068.519
742	1068.321
743	1068.64
744	1069.462
745	1069.142
746	1069.431
747	1069.279
748	1069.127
749	1069.568
750	1069.507
751	1069.66
752	1069.964
753	1070.07
754	1069.538
755	1070.192
756	1069.66
757	1069.523
758	1069.736
759	1069.462
760	1069.416
761	1069.614
762	1069.918
763	1069.447
764	1069.173
765	1069.401
766	1069.903
767	1069.675
768	1070.146
769	1070.146
770	1070.009
771	1070.116
772	1070.025
773	1069.857
774	1070.253
775	1069.994
776	1069.751
777	1069.888
778	1070.238
779	1070.162
780	1069.979
781	1069.949
782	1070.512
783	1070.679
784	1070.588
785	1070.405
786	1070.74
787	1071.029
788	1070.664
789	1070.512
790	1070.892
791	1070.694
792	1071.105
793	1070.633
794	1070.892
795	1070.953
796	1070.709
797	1070.907
798	1071.12
799	1070.572
800	1070.618
801	1070.603
802	1070.694
803	1070.664
804	1070.131
805	1070.724
806	1070.527
807	1070.588
808	1070.481
809	1070.633
810	1070.892
811	1070.633
812	1070.785
813	1070.572
814	1070.496
815	1070.481
816	1070.801
817	1070.344
818	1070.436
819	1070.816
820	1070.633
821	1070.131
822	1070.42
823	1070.131
824	1070.162
825	1070.451
826	1070.451
827	1070.451
828	1070.572
829	1070.572
830	1071.409
831	1071.105
832	1071.151
833	1071.318
834	1071.364
835	1072.215
836	1072.428
837	1072.048
838	1072.383
839	1072.413
840	1072.246
841	1072.55
842	1072.565
843	1072.733
844	1072.733
845	1072.839
846	1072.946
847	1073.052
848	1072.596
849	1073.113
850	1072.733
851	1072.596
852	1072.763
853	1073.128
854	1073.28
855	1073.265
856	1073.311
857	1073.219
858	1072.991
859	1073.326
860	1073.265
861	1073.113
862	1073.478
863	1073.189
864	1072.885
865	1073.189
866	1073.067
867	1073.326
868	1072.87
869	1072.854
870	1072.505
871	1072.55
872	1072.976
873	1072.9
874	1072.976
875	1073.6
876	1073.6
877	1073.311
878	1073.28
879	1073.113
880	1073.463
881	1073.372
882	1073.052
883	1073.372
884	1073.28
885	1073.235
886	1073.463
887	1073.356
888	1073.235
889	1073.432
890	1073.402
891	1073.463
892	1073.767
893	1072.991
894	1073.128
895	1073.585
896	1073.676
897	1073.372
898	1073.387
899	1073.083
900	1073.022
901	1073.067
902	1073.493
903	1073.006
904	1073.098
905	1072.885
906	1072.778
907	1072.626
908	1072.702
909	1072.839
910	1072.505
911	1072.505
912	1072.596
913	1072.9
914	1072.596
915	1072.55
916	1073.052
917	1072.611
918	1072.565
919	1072.672
920	1073.067
921	1073.265
922	1073.585
923	1073.478
924	1073.509
925	1073.356
926	1074.072
927	1074.056
928	1073.95
929	1073.737
930	1073.965
931	1073.935
932	1073.798
933	1073.767
934	1073.554
935	1073.95
936	1073.889
937	1073.965
938	1073.493
939	1073.463
940	1073.706
941	1074.026
942	1073.554
943	1073.691
944	1073.646
945	1073.646
946	1073.919
947	1073.554
948	1073.752
949	1073.874
950	1074.041
951	1073.691
952	1073.889
953	1073.63
954	1073.585
955	1074.163
956	1074.117
957	1074.391
958	1074.163
959	1074.467
960	1074.284
961	1074.558
962	1074.832
963	1074.589
964	1074.786
965	1074.634
966	1074.543
967	1075.076
968	1075.03
969	1074.695
970	1074.939
971	1075.03
972	1075
973	1074.604
974	1075.167
975	1074.756
976	1074.939
977	1075.045
978	1074.984
979	1074.634
980	1074.589
981	1075.015
982	1074.847
983	1074.513
984	1074.543
985	1074.3
986	1074.756
987	1075.03
988	1074.3
989	1074.513
990	1073.813
991	1074.604
992	1074.71
993	1074.447
994	1073.919
995	1074.102
996	1074.528
997	1074.482
998	1074.589
999	1075.152
1000	1074.923
1001	1074.71
1002	1074.452
1003	1075.06
1004	1074.969
1005	1074.573
1006	1075.228
1007	1075.273
1008	1075.258
1009	1075.273
1010	1075
1011	1075.258
1012	1075.395
1013	1075.289
1014	1075
1015	1074.984
1016	1075.319
1017	1075.669
1018	1075.41
1019	1075.167
1020	1075.562
1021	1076.034
1022	1075.821
1023	1075.867
1024	1075.73
1025	1076.08
1026	1075.988
1027	1076.414
1028	1076.171
1029	1076.46
1030	1076.643
1031	1076.582
1032	1076.597
1033	1076.764
1034	1077.099
1035	1077.099
1036	1076.384
1037	1076.46
1038	1076.551
1039	1077.023
1040	1076.536
1041	1076.232
1042	1076.004
1043	1075.836
1044	1075.897
1045	1076.688
1046	1076.369
1047	1075.547
1048	1075.38
1049	1076.004
1050	1076.004
1051	1075.76
1052	1075.715
1053	1075.988
1054	1076.886
1055	1076.445
1056	1076.247
1057	1075.867
1058	1076.825
1059	1077.479
1060	1076.582
1061	1076.901
1062	1076.673
1063	1076.719
1064	1076.947
1065	1076.551
1066	1076.369
1067	1076.354
1068	1076.277
1069	1076.901
1070	1076.952
1071	1076.049
1072	1076.825
1073	1077.008
1074	1077.205
1075	1076.81
1076	1076.414
1077	1076.567
1078	1076.992
1079	1076.795
1080	1076.582
1081	1076.536
1082	1076.688
1083	1076.658
1084	1077.205
1085	1077.221
1086	1076.749
1087	1076.688
1088	1076.977
1089	1076.582
1090	1076.095
1091	1075.867
1092	1076.125
1093	1076.369
1094	1075.745
1095	1075.836
1096	1075.943
1097	1075.456
1098	1076.034
1099	1075.943
1100	1075.349
1101	1075.547
1102	1075.851
1103	1075.532
1104	1075.486
1105	1075.486
1106	1075.654
1107	1075.228
1108	1075.745
1109	1075.426
1110	1075.349
1111	1075.486
1112	1075.38
1113	1075.745
1114	1076.019
1115	1076.171
1116	1076.11
1117	1076.049
1118	1076.034
1119	1076.719
1120	1076.795
1121	1076.871
1122	1076.414
1123	1076.947
1124	1076.506
1125	1077.008
1126	1077.008
1127	1076.886
1128	1076.582
1129	1076.445
1130	1076.399
1131	1076.856
1132	1076.81
1133	1076.871
1134	1077.449
1135	1076.977
1136	1077.16
1137	1077.692
1138	1077.571
1139	1077.281
1140	1077.251
1141	1077.708
1142	1078.073
1143	1077.996
1144	1077.662
1145	1077.616
1146	1077.358
1147	1077.92
1148	1078.194
1149	1077.966
1150	1077.996
1151	1077.571
1152	1077.92
1153	1078.499
1154	1078.149
1155	1078.133
1156	1078.362
1157	1077.92
1158	1078.073
1159	1078.27
1160	1078.118
1161	1078.453
1162	1077.966
1163	1077.875
1164	1077.647
1165	1078.073
1166	1077.723
1167	1077.905
1168	1078.225
1169	1078.423
1170	1077.723
1171	1078.103
1172	1078.346
1173	1078.605
1174	1078.788
1175	1078.757
1176	1078.575
1177	1078.133
1178	1078.407
1179	1078.088
1180	1078.438
1181	1078.164
1182	1078.194
1183	1078.864
1184	1078.453
1185	1078.94
1186	1078.788
1187	1078.118
1188	1078.362
1189	1078.499
1190	1078.529
1191	1078.529
1192	1078.012
1193	1077.951
1194	1078.134
1195	1077.966
1196	1077.784
1197	1077.601
1198	1077.662
1199	1078.575
1200	1078.635
1201	1078.377
1202	1078.651
1203	1078.103
1204	1078.651
1205	1078.985
1206	1079.062
1207	1078.97
1208	1078.696
1209	1078.909
1210	1078.788
1211	1078.894
1212	1078.788
1213	1078.529
1214	1078.879
1215	1078.955
1216	1079.031
1217	1078.925
1218	1078.423
1219	1078.514
1220	1078.742
1221	1078.651
1222	1078.544
1223	1078.483
1224	1078.894
1225	1078.97
1226	1079.107
1227	1078.925
1228	1078.985
1229	1078.727
1230	1079.138
1231	1079.427
1232	1078.757
1233	1079.092
1234	1078.94
1235	1079.29
1236	1079.442
1237	1079.062
1238	1079.305
1239	1078.955
1240	1078.803
1241	1078.635
1242	1078.864
1243	1078.438
1244	1078.788
1245	1079.031
1246	1079.046
1247	1079.138
1248	1078.696
1249	1078.179
1250	1078.666
1251	1078.864
1252	1078.94
1253	1078.879
1254	1078.955
1255	1079.122
1256	1078.575
1257	1078.955
1258	1078.985
1259	1078.925
1260	1079.229
1261	1079.046
1262	1078.849
1263	1079.305
1264	1079.807
1265	1079.99
1266	1079.183
1267	1079.198
1268	1079.776
1269	1079.396
1270	1079.792
1271	1079.457
1272	1079.655
1273	1079.29
1274	1079.351
1275	1079.122
1276	1079.122
1277	1079.594
1278	1079.898
1279	1080.324
1280	1080.309
1281	1080.157
1282	1080.172
1283	1080.263
1284	1080.902
1285	1080.218
1286	1079.898
1287	1080.126
1288	1080.446
1289	1080.187
1290	1079.807
1291	1079.579
1292	1080.05
1293	1080.172
1294	1080.005
1295	1079.822
1296	1079.853
1297	1080.111
1298	1080.035
1299	1080.233
1300	1079.761
1301	1080.02
1302	1079.533
1303	1079.472
1304	1079.898
1305	1079.898
1306	1079.822
1307	1079.929
1308	1079.548
1309	1079.776
1310	1079.944
1311	1080.172
1312	1079.959
1313	1079.822
1314	1079.518
1315	1079.609
1316	1080.035
1317	1080.218
1318	1079.761
1319	1079.609
1320	1079.837
1321	1080.203
1322	1080.522
1323	1080.796
1324	1079.913
1325	1080.126
1326	1080.4
1327	1080.446
1328	1080.735
1329	1080.659
1330	1080.324
1331	1079.746
1332	1079.853
1333	1079.411
1334	1080.4
1335	1079.29
1336	1079.244
1337	1079.67
1338	1079.259
1339	1079.548
1340	1079.594
1341	1079.335
1342	1079.503
1343	1079.214
1344	1079.229
1345	1079.913
1346	1079.944
1347	1080.172
1348	1079.913
1349	1080.005
1350	1080.598
1351	1080.476
1352	1080.461
1353	1080.75
1354	1080.476
1355	1080.355
1356	1080.689
1357	1080.735
1358	1081.115
1359	1080.659
1360	1080.4
1361	1080.4
1362	1080.735
1363	1081.009
1364	1081.009
1365	1080.552
1366	1080.461
1367	1080.126
1368	1080.492
1369	1080.765
1370	1080.842
1371	1080.446
1372	1080.324
1373	1080.142
1374	1080.126
1375	1080.157
1376	1079.913
1377	1079.457
1378	1079.427
1379	1079.655
1380	1079.853
1381	1079.548
1382	1079.214
1383	1079.32
1384	1079.853
1385	1079.411
1386	1079.32
1387	1079.381
1388	1079.609
1389	1079.366
1390	1079.411
1391	1079.183
1392	1079.822
1393	1079.7
1394	1079.351
1395	1079.7
1396	1079.944
1397	1079.716
1398	1080.111
1399	1080.066
1400	1080.066
1401	1080.02
1402	1079.776
1403	1079.579
1404	1079.533
1405	1079.731
1406	1080.187
1407	1079.898
1408	1079.487
1409	1080.279
1410	1080.385
1411	1080.233
1412	1079.929
1413	1079.837
1414	1079.776
1415	1079.853
1416	1080.218
1417	1080.172
1418	1080.157
1419	1080.248
1420	1080.324
1421	1080.537
1422	1080.142
1423	1081.085
1424	1080.902
1425	1081.085
1426	1081.237
1427	1081.344
1428	1081.739
1429	1082.226
1430	1082.165
1431	1081.906
1432	1081.8
1433	1082.332
1434	1081.846
1435	1081.45
1436	1081.815
1437	1082.195
1438	1081.998
1439	1081.678
1440	1081.557
1441	1081.283
1442	1081.541
1443	1081.511
1444	1081.374
1445	1081.222
1446	1080.263
1447	1080.233
1448	1079.944
1449	1080.583
1450	1080.461
1451	1080.689
1452	1080.233
1453	1079.974
1454	1079.67
1455	1079.944
1456	1080.598
1457	1080.431
1458	1080.37
1459	1079.533
1460	1080.187
1461	1080.263
1462	1080.4
1463	1080.309
1464	1080.157
1465	1080.355
1466	1080.172
1467	1080.492
1468	1080.705
1469	1080.918
1470	1080.522
1471	1080.568
1472	1080.537
1473	1080.492
1474	1080.583
1475	1080.872
1476	1080.918
1477	1080.963
1478	1080.887
1479	1080.689
1480	1081.161
1481	1081.222
1482	1081.267
1483	1081.039
1484	1081.146
1485	1081.207
1486	1081.967
1487	1081.846
1488	1082.135
1489	1081.465
1490	1081.83
1491	1082.028
1492	1081.937
1493	1082.713
1494	1082.789
1495	1082.515
1496	1082.256
1497	1082.241
1498	1082.698
1499	1082.271
1500	1082.013
1501	1082.5
1502	1082.135
1503	1081.922
1504	1082.317
1505	1082.348
1506	1081.861
1507	1081.678
1508	1081.511
1509	1081.222
1510	1081.465
1511	1081.587
1512	1081.952
1513	1081.876
1514	1081.754
1515	1082.363
1516	1081.876
1517	1081.496
1518	1081.8
1519	1082.18
1520	1081.891
1521	1081.739
1522	1082.363
1523	1082.332
1524	1081.83
1525	1081.952
1526	1081.982
1527	1081.754
1528	1081.8
1529	1081.967
1530	1081.785
1531	1081.8
1532	1081.77
1533	1081.328
1534	1081.633
1535	1081.374
1536	1081.572
1537	1081.054
1538	1081.207
1539	1081.054
1540	1081.085
1541	1081.085
1542	1081.572
1543	1081.344
1544	1080.948
1545	1080.842
1546	1081.161
1547	1080.826
1548	1081.313
1549	1081.054
1550	1081.252
1551	1080.781
1552	1080.781
1553	1080.72
1554	1080.796
1555	1080.963
1556	1080.598
1557	1080.583
1558	1080.522
1559	1080.781
1560	1081.13
1561	1081.283
1562	1080.735
1563	1080.902
1564	1081.009
1565	1080.842
1566	1081.07
1567	1081.526
1568	1081.191
1569	1081.146
1570	1081.13
1571	1081.374
1572	1081.465
1573	1081.633
1574	1081.648
1575	1081.389
1576	1081.602
1577	1082.028
1578	1082.15
1579	1082.424
1580	1082.15
1581	1081.982
1582	1081.496
1583	1081.374
1584	1081.83
1585	1081.435
1586	1081.648
1587	1081.572
1588	1081.435
1589	1081.146
1590	1081.267
1591	1081.222
1592	1081.48
1593	1081.465
1594	1081.496
1595	1081.07
1596	1081.298
1597	1081.633
1598	1081.739
1599	1081.465
1600	1081.663
1601	1081.572
1602	1081.83
1603	1081.511
1604	1082.15
1605	1082.15
1606	1082.241
1607	1081.678
1608	1081.648
1609	1081.785
1610	1081.861
1611	1081.693
1612	1082.195
1613	1082.043
1614	1082.15
1615	1082.424
1616	1082.211
1617	1081.998
1618	1082.576
1619	1082.211
1620	1081.648
1621	1082.606
1622	1082.834
1623	1081.891
1624	1082.378
1625	1082.226
1626	1082.454
1627	1082.469
1628	1082.926
1629	1082.698
1630	1082.378
1631	1082.591
1632	1082.271
1633	1082.393
1634	1082.804
1635	1083.473
1636	1083.428
1637	1083.108
1638	1082.941
1639	1083.093
1640	1082.682
1641	1082.956
1642	1082.637
1643	1083.26
1644	1082.484
1645	1082.682
1646	1082.834
1647	1082.621
1648	1082.348
1649	1082.53
1650	1082.074
1651	1082.804
1652	1082.302
1653	1082.256
1654	1082.53
1655	1082.469
1656	1081.861
1657	1081.678
1658	1082.5
1659	1083.2
1660	1082.834
1661	1082.576
1662	1082.271
1663	1081.693
1664	1081.922
1665	1082.408
1666	1082.013
1667	1081.891
1668	1082.713
1669	1082.789
1670	1082.667
1671	1082.454
1672	1082.743
1673	1081.876
1674	1082.089
1675	1082.028
1676	1082.515
1677	1082.363
1678	1082.256
1679	1082.287
1680	1082.256
1681	1082.652
1682	1082.53
1683	1082.18
1684	1081.922
1685	1081.906
1686	1081.876
1687	1081.709
1688	1082.028
1689	1082.332
1690	1082.682
1691	1082.059
1692	1081.587
1693	1081.982
1694	1082.241
1695	1082.18
1696	1082.637
1697	1082.256
1698	1082.332
1699	1082.195
1700	1081.982
1701	1081.922
1702	1081.724
1703	1082.682
1704	1082.713
1705	1082.652
1706	1082.591
1707	1082.348
1708	1082.895
1709	1082.743
1710	1082.545
1711	1082.317
1712	1082.682
1713	1082.408
1714	1082.363
1715	1082.682
1716	1082.515
1717	1082.469
1718	1082.743
1719	1083.139
1720	1083.093
1721	1082.926
1722	1083.169
1723	1083.747
1724	1083.61
1725	1083.397
1726	1082.956
1727	1083.123
1728	1083.2
1729	1083.443
1730	1083.58
1731	1083.991
1732	1083.519
1733	1083.306
1734	1083.519
1735	1083.58
1736	1083.808
1737	1083.747
1738	1083.686
1739	1083.428
1740	1083.23
1741	1083.504
1742	1083.23
1743	1082.895
1744	1083.534
1745	1083.519
1746	1083.473
1747	1083.26
1748	1083.382
1749	1083.352
1750	1083.641
1751	1083.778
1752	1083.215
1753	1083.626
1754	1083.245
1755	1083.565
1756	1083.382
1757	1083.565
1758	1083.276
1759	1083.626
1760	1083.945
1761	1083.96
1762	1083.778
1763	1083.626
1764	1083.839
1765	1083.823
1766	1084.188
1767	1083.732
1768	1083.428
1769	1083.276
1770	1083.717
1771	1083.291
1772	1083.549
1773	1083.504
1774	1083.473
1775	1083.61
1776	1083.23
1777	1082.987
1778	1083.108
1779	1083.078
1780	1082.88
1781	1082.728
1782	1081.982
1783	1082.317
1784	1082.469
1785	1083.017
1786	1082.561
1787	1082.226
1788	1082.5
1789	1082.728
1790	1082.256
1791	1082.606
1792	1082.363
1793	1082.652
1794	1082.089
1795	1082.241
1796	1082.53
1797	1081.891
1798	1082.652
1799	1082.454
1800	1082.561
1801	1082.454
1802	1082.043
1803	1082.363
1804	1082.606
1805	1082.241
1806	1083.123
1807	1082.682
1808	1082.515
1809	1082.469
1810	1082.424
1811	1082.5
1812	1082.241
1813	1082.135
1814	1082.606
1815	1083.2
1816	1082.804
1817	1082.941
1818	1082.789
1819	1082.789
1820	1083.124
1821	1083.23
1822	1083.549
1823	1083.367
1824	1083.367
1825	1082.804
1826	1083.26
1827	1083.489
1828	1083.489
1829	1083.428
1830	1083.519
1831	1083.489
1832	1083.519
1833	1083.413
1834	1083.473
1835	1083.61
1836	1083.108
1837	1083.778
1838	1083.047
1839	1083.078
1840	1083.367
1841	1083.443
1842	1083.047
1843	1083.017
1844	1083.352
1845	1083.686
1846	1083.382
1847	1083.778
1848	1083.747
1849	1083.123
1850	1083.108
1851	1082.804
1852	1083.063
1853	1082.591
1854	1082.576
1855	1082.85
1856	1082.88
1857	1082.728
1858	1083.047
1859	1083.382
1860	1083.337
1861	1083.245
1862	1083.139
1863	1083.291
1864	1083.489
1865	1082.987
1866	1083.123
1867	1082.88
1868	1083.276
1869	1083.382
1870	1083.26
1871	1083.702
1872	1083.504
1873	1083.61
1874	1084.128
1875	1083.656
1876	1083.96
1877	1084.021
1878	1084.021
1879	1083.473
1880	1083.671
1881	1083.26
1882	1083.2
1883	1083.108
1884	1083.397
1885	1083.656
1886	1083.702
1887	1083.747
1888	1083.808
1889	1083.565
1890	1083.595
1891	1083.473
1892	1083.549
1893	1083.839
1894	1084.219
1895	1083.915
1896	1084.097
1897	1084.204
1898	1084.158
1899	1084.067
1900	1084.204
1901	1084.645
1902	1084.447
1903	1084.447
1904	1084.508
1905	1084.538
1906	1084.766
1907	1084.69
1908	1084.645
1909	1084.538
1910	1085.101
1911	1085.208
1912	1085.01
1913	1084.843
1914	1084.721
1915	1085.329
1916	1085.284
1917	1084.873
1918	1085.086
1919	1084.584
1920	1084.934
1921	1084.888
1922	1084.934
1923	1084.873
1924	1084.751
1925	1084.554
1926	1084.508
1927	1084.386
1928	1084.234
1929	1084.219
1930	1083.686
1931	1083.352
1932	1083.139
1933	1083.047
1934	1082.834
1935	1082.698
1936	1082.545
1937	1082.226
1938	1082.241
1939	1082.408
1940	1081.998
1941	1082.317
1942	1082.652
1943	1082.484
1944	1082.348
1945	1082.454
1946	1082.013
1947	1082.256
1948	1081.724
1949	1082.089
1950	1081.572
1951	1081.83
1952	1082.028
1953	1082.135
1954	1082.256
1955	1081.846
1956	1082.043
1957	1081.617
1958	1082.226
1959	1081.967
1960	1082.18
1961	1082.226
1962	1082.119
1963	1081.906
1964	1081.648
1965	1081.602
1966	1082.18
1967	1081.678
1968	1081.815
1969	1081.572
1970	1082.059
1971	1082.089
1972	1081.998
1973	1082.074
1974	1081.982
1975	1082.15
1976	1081.952
1977	1082.287
1978	1081.891
1979	1081.891
1980	1081.678
1981	1082.089
1982	1082.028
1983	1081.8
1984	1082.074
1985	1081.998
1986	1082.104
1987	1081.785
1988	1081.846
1989	1081.967
1990	1082.195
1991	1082.287
1992	1081.8
1993	1082.18
1994	1082.332
1995	1082.576
1996	1082.302
1997	1082.576
1998	1082.88
1999	1082.621
2000	1082.819
2001	1082.028
2002	1082.302
2003	1082.469
2004	1082.469
2005	1082.424
2006	1082.424
2007	1082.195
2008	1082.424
2009	1082.241
2010	1082.469
2011	1082.834
2012	1083.184
2013	1082.652
2014	1083.154
2015	1082.743
2016	1082.713
2017	1082.454
2018	1081.952
2019	1082.743
2020	1082.971
2021	1082.591
2022	1082.682
2023	1082.728
2024	1082.926
2025	1083.139
2026	1082.834
2027	1082.789
2028	1082.515
2029	1082.743
2030	1082.667
2031	1082.408
2032	1082.561
2033	1082.545
2034	1082.728
2035	1082.363
2036	1082.667
2037	1082.591
2038	1082.408
2039	1082.348
2040	1082.758
2041	1082.667
2042	1082.987
2043	1082.484
2044	1082.88
2045	1082.454
2046	1082.698
2047	1082.819
2048	1083.093
2049	1083.017
2050	1082.987
2051	1082.758
2052	1083.26
2053	1083.352
2054	1083.549
2055	1082.971
2056	1082.926
2057	1082.956
2058	1082.911
2059	1082.637
2060	1082.378
2061	1082.348
2062	1082.576
2063	1082.363
2064	1082.302
2065	1082.317
2066	1082.271
2067	1082.256
2068	1081.952
2069	1082.195
2070	1082.439
2071	1082.53
2072	1082.515
2073	1081.876
2074	1082.469
2075	1082.226
2076	1082.515
2077	1082.287
2078	1082.621
2079	1082.926
2080	1083.276
2081	1082.561
2082	1082.956
2083	1082.789
2084	1082.834
2085	1082.971
2086	1082.804
2087	1082.804
2088	1082.713
2089	1082.713
2090	1083.169
2091	1083.108
2092	1082.591
2093	1082.637
2094	1082.834
2095	1082.85
2096	1082.682
2097	1082.698
2098	1082.241
2099	1082.484
2100	1082.165
2101	1081.998
2102	1082.043
2103	1082.652
2104	1082.043
2105	1081.861
2106	1082.104
2107	1081.8
2108	1082.256
2109	1082.013
2110	1082.226
2111	1082.348
2112	1082.135
2113	1082.089
2114	1082.241
2115	1081.891
2116	1082.378
2117	1082.865
2118	1082.545
2119	1082.348
2120	1082.074
2121	1082.15
2122	1082.074
2123	1082.15
2124	1082.241
2125	1082.15
2126	1081.587
2127	1081.998
2128	1081.739
2129	1081.876
2130	1081.861
2131	1081.526
2132	1081.039
2133	1081.435
2134	1081.054
2135	1081.313
2136	1081.511
2137	1081.374
2138	1081.298
2139	1080.994
2140	1081.054
2141	1080.948
2142	1081.009
2143	1081.496
2144	1081.161
2145	1081.298
2146	1081.13
2147	1081.77
2148	1081.404
2149	1080.948
2150	1081.283
2151	1081.344
2152	1081.146
2153	1081.13
2154	1081.252
2155	1081.389
2156	1081.328
2157	1081.237
2158	1080.826
2159	1081.283
2160	1080.659
2161	1080.948
2162	1081.024
2163	1080.507
2164	1080.735
2165	1080.674
2166	1081.085
2167	1080.872
2168	1081.13
2169	1081.45
2170	1081.465
2171	1081.526
2172	1081.77
2173	1081.693
2174	1082.241
2175	1082.028
2176	1081.937
2177	1081.83
2178	1081.77
2179	1082.241
2180	1081.252
2181	1080.689
2182	1081.085
2183	1080.613
2184	1080.203
2185	1080.37
2186	1080.218
2187	1080.142
2188	1080.066
2189	1079.472
2190	1079.442
2191	1079.427
2192	1079.487
2193	1079.275
2194	1079.503
2195	1078.97
2196	1079.062
2197	1078.392
2198	1078.681
2199	1078.696
2200	1078.514
2201	1078.514
2202	1078.468
2203	1078.21
2204	1078.407
2205	1078.118
2206	1078.225
2207	1077.799
2208	1077.601
2209	1078.164
2210	1077.571
2211	1078.255
2212	1077.966
2213	1078.194
2214	1077.92
2215	1078.088
2216	1078.255
2217	1078.21
2218	1077.814
2219	1078.225
2220	1077.799
2221	1077.829
2222	1078.118
2223	1078.225
2224	1078.255
2225	1078.042
2226	1078.057
2227	1078.575
2228	1078.24
2229	1077.844
2230	1077.784
2231	1077.875
2232	1077.586
2233	1077.19
2234	1077.236
2235	1077.358
2236	1077.495
2237	1077.692
2238	1077.145
2239	1077.464
2240	1077.312
2241	1077.388
2242	1077.084
2243	1077.586
2244	1077.084
2245	1076.947
2246	1077.266
2247	1077.555
2248	1077.373
2249	1077.053
2250	1077.221
2251	1077.555
2252	1077.753
2253	1077.905
2254	1078.559
2255	1077.996
2256	1078.088
2257	1078.423
2258	1078.225
2259	1078.377
2260	1078.24
2261	1077.966
2262	1078.088
2263	1078.696
2264	1078.712
2265	1079.122
2266	1078.833
2267	1079.153
2268	1079.153
2269	1078.925
2270	1079.67
2271	1079.883
2272	1079.579
2273	1079.594
2274	1079.7
2275	1078.833
2276	1079.214
2277	1079.32
2278	1079.092
2279	1078.849
2280	1078.757
2281	1078.955
2282	1078.21
2283	1078.423
2284	1078.59
2285	1078.59
2286	1078.742
2287	1078.24
2288	1078.134
2289	1078.012
2290	1078.559
2291	1078.179
2292	1077.966
2293	1077.555
2294	1077.92
2295	1077.403
2296	1077.342
2297	1077.19
2298	1077.068
2299	1077.388
2300	1076.901
2301	1077.19
2302	1076.795
2303	1076.399
2304	1076.384
2305	1076.506
2306	1076.46
2307	1076.506
2308	1076.703
2309	1076.734
2310	1076.643
2311	1076.612
2312	1076.688
2313	1077.266
2314	1076.886
2315	1077.038
2316	1077.053
2317	1077.205
2318	1077.312
2319	1077.555
2320	1077.616
2321	1077.525
2322	1077.768
2323	1078.027
2324	1077.631
2325	1077.403
2326	1077.449
2327	1077.418
2328	1077.981
2329	1077.799
2330	1077.92
2331	1078.073
2332	1078.301
2333	1079.001
2334	1078.818
2335	1078.179
2336	1078.453
2337	1078.088
2338	1078.24
2339	1077.905
2340	1078.057
2341	1078.133
2342	1078.149
2343	1077.89
2344	1077.586
2345	1077.799
2346	1077.312
2347	1077.281
2348	1076.916
2349	1076.582
2350	1076.916
2351	1076.779
2352	1076.658
2353	1076.43
2354	1076.201
2355	1076.871
2356	1076.186
2357	1076.84
2358	1076.643
2359	1076.567
2360	1076.597
2361	1076.627
2362	1076.262
2363	1076.582
2364	1076.871
2365	1076.658
2366	1076.795
2367	1076.612
2368	1076.673
2369	1076.369
2370	1076.141
2371	1076.567
2372	1076.688
2373	1076.399
2374	1076.308
2375	1076.201
2376	1076.445
2377	1076.354
2378	1076.262
2379	1076.445
2380	1076.08
2381	1076.719
2382	1076.703
2383	1076.643
2384	1076.262
2385	1077.114
2386	1076.445
2387	1076.46
2388	1076.597
2389	1077.327
2390	1076.475
2391	1076.475
2392	1076.475
2393	1076.338
2394	1076.475
2395	1076.323
2396	1076.156
2397	1076.399
2398	1076.475
2399	1076.004
2400	1075.806
2401	1075.501
2402	1075.669
2403	1075.684
2404	1075.988
2405	1075.775
2406	1075.745
2407	1076.049
2408	1076.156
2409	1076.08
2410	1076.171
2411	1076.536
2412	1076.46
2413	1076.095
2414	1076.171
2415	1076.384
2416	1076.323
2417	1076.293
2418	1077.145
2419	1077.373
2420	1076.871
2421	1076.08
2422	1076.673
2423	1076.445
2424	1076.49
2425	1076.643
2426	1076.399
2427	1076.232
2428	1076.384
2429	1076.734
2430	1076.445
2431	1076.156
2432	1076.825
2433	1076.582
2434	1076.597
2435	1076.551
2436	1076.658
2437	1076.627
2438	1076.567
2439	1076.779
2440	1076.414
2441	1076.597
2442	1076.445
2443	1076.627
2444	1076.719
2445	1077.19
2446	1076.916
2447	1076.977
2448	1076.84
2449	1077.327
2450	1076.673
2451	1076.567
2452	1076.658
2453	1076.11
2454	1076.612
2455	1077.038
2456	1076.81
2457	1076.688
2458	1076.643
2459	1076.49
2460	1076.643
2461	1076.627
2462	1076.567
2463	1076.688
2464	1076.536
2465	1076.384
2466	1076.384
2467	1076.627
2468	1076.856
2469	1076.719
2470	1076.719
2471	1076.703
2472	1076.506
2473	1076.643
2474	1076.354
2475	1076.977
2476	1076.506
2477	1076.673
2478	1076.779
2479	1076.399
2480	1076.795
2481	1076.749
2482	1076.643
2483	1076.46
2484	1076.551
2485	1076.354
2486	1076.886
2487	1076.414
2488	1076.932
2489	1076.445
2490	1076.658
2491	1076.749
2492	1076.475
2493	1076.414
2494	1076.217
2495	1075.958
2496	1075.608
2497	1076.064
2498	1076.384
2499	1075.806
2500	1075.851
2501	1075.973
2502	1075.821
2503	1076.521
2504	1076.156
2505	1076.597
2506	1076.323
2507	1075.867
2508	1076.049
2509	1076.004
2510	1075.897
2511	1076.201
2512	1075.836
2513	1075.867
2514	1075.562
2515	1075.821
2516	1075.775
2517	1075.38
2518	1075.471
2519	1075.715
2520	1075.502
2521	1074.939
2522	1075.608
2523	1075.441
2524	1075.365
2525	1075.791
2526	1075.608
2527	1075.958
2528	1075.639
2529	1075.532
2530	1075.471
2531	1075.562
2532	1075.623
2533	1075.456
2534	1075.775
2535	1075.532
2536	1075.547
2537	1075.212
2538	1075.289
2539	1075.289
2540	1076.019
2541	1075.867
2542	1075.897
2543	1075.715
2544	1075.334
2545	1075.745
2546	1075.547
2547	1075.015
2548	1075.121
2549	1075.152
2550	1074.847
2551	1075.015
2552	1075.152
2553	1075.152
2554	1075.486
2555	1075.319
2556	1075.045
2557	1075.136
2558	1075.03
2559	1074.817
2560	1075.41
2561	1075.486
2562	1075.289
2563	1075.228
2564	1075.197
2565	1074.969
2566	1075.365
2567	1075.471
2568	1075.806
2569	1075.851
2570	1075.684
2571	1075.639
2572	1075.791
2573	1076.247
2574	1076.262
2575	1075.578
2576	1075.593
2577	1075.532
2578	1075.791
2579	1075.73
2580	1075.654
2581	1075.912
2582	1074.863
2583	1075.882
2584	1076.095
2585	1076.262
2586	1076.064
2587	1076.293
2588	1075.73
2589	1075.821
2590	1075.912
2591	1075.791
2592	1075.882
2593	1075.927
2594	1075.38
2595	1075.897
2596	1075.243
2597	1075.578
2598	1075.562
2599	1075.76
2600	1075.699
2601	1075.578
2602	1075.547
2603	1075.927
2604	1076.034
2605	1076.095
2606	1075.562
2607	1075.715
2608	1075.699
2609	1075.486
2610	1075.988
2611	1075.471
2612	1075.456
2613	1075.608
2614	1075.867
2615	1075.684
2616	1075.41
2617	1075.806
2618	1075.608
2619	1075.471
2620	1075.608
2621	1075.943
2622	1075.851
2623	1075.562
2624	1075.958
2625	1075.806
2626	1075.578
2627	1076.171
2628	1076.019
2629	1076.232
2630	1075.608
2631	1075.319
2632	1075.654
2633	1075.745
2634	1075.806
2635	1075.41
2636	1075.319
2637	1075.608
2638	1075.273
2639	1075.502
2640	1075.38
2641	1074.984
2642	1075.015
2643	1074.863
2644	1075.015
2645	1075.045
2646	1075.197
2647	1074.695
2648	1074.391
2649	1075.136
2650	1074.665
2651	1075.03
2652	1074.939
2653	1075.243
2654	1075.562
2655	1075.106
2656	1075.197
2657	1075.41
2658	1075.441
2659	1075.851
2660	1075.897
2661	1075.821
2662	1075.578
2663	1076.156
2664	1075.806
2665	1076.034
2666	1075.836
2667	1076.323
2668	1076.521
2669	1076.46
2670	1076.536
2671	1075.988
2672	1076.475
2673	1076.308
2674	1076.232
2675	1075.821
2676	1075.593
2677	1076.08
2678	1076.064
2679	1075.775
2680	1075.821
2681	1075.927
2682	1075.426
2683	1075.715
2684	1075.562
2685	1075.152
2686	1075.775
2687	1075.547
2688	1075.319
2689	1075
2690	1075.03
2691	1075.73
2692	1074.969
2693	1075.197
2694	1075.395
2695	1075.851
2696	1074.984
2697	1075.289
2698	1075.273
2699	1075.228
2700	1075.715
2701	1075.243
2702	1075.197
2703	1074.376
2704	1074.71
2705	1074.634
2706	1074.969
2707	1074.756
2708	1074.923
2709	1074.771
2710	1074.741
2711	1074.817
2712	1074.923
2713	1074.589
2714	1074.847
2715	1074.269
2716	1074.163
2717	1074.041
2718	1074.345
2719	1074.452
2720	1073.889
2721	1074.345
2722	1074.391
2723	1074.634
2724	1074.863
2725	1074.726
2726	1075.076
2727	1074.817
2728	1074.497
2729	1074.543
2730	1074.969
2731	1074.65
2732	1074.939
2733	1075.304
2734	1075.106
2735	1075.197
2736	1074.908
2737	1075.289
2738	1075.228
2739	1075.38
2740	1075.273
2741	1075.212
2742	1075.076
2743	1075.182
2744	1075.289
2745	1074.863
2746	1074.802
2747	1075.197
2748	1075.532
2749	1074.634
2750	1074.391
2751	1074.543
2752	1074.802
2753	1074.817
2754	1074.786
2755	1074.543
2756	1074.467
2757	1074.284
2758	1074.497
2759	1074.482
2760	1074.604
2761	1074.802
2762	1075.121
2763	1074.558
2764	1074.543
2765	1074.345
2766	1074.604
2767	1075.091
2768	1074.467
2769	1074.482
2770	1074.771
2771	1074.132
2772	1074.437
2773	1074.68
2774	1074.528
2775	1073.813
2776	1074.056
2777	1073.965
2778	1074.224
2779	1074.269
2780	1073.722
2781	1073.859
2782	1073.691
2783	1074.132
2784	1073.995
2785	1073.95
2786	1073.828
2787	1074.178
2788	1073.767
2789	1073.95
2790	1073.935
2791	1074.193
2792	1074.421
2793	1074.954
2794	1074.178
2795	1074.65
2796	1074.878
2797	1074.771
2798	1074.619
2799	1075.045
2800	1074.543
2801	1074.589
2802	1074.665
2803	1074.589
2804	1074.33
2805	1074.193
2806	1074.269
2807	1074.33
2808	1074.406
2809	1074.421
2810	1074.452
2811	1074.406
2812	1074.513
2813	1074.315
2814	1074.041
2815	1074.497
2816	1074.558
2817	1074.528
2818	1074.269
2819	1073.874
2820	1074.467
2821	1074.178
2822	1074.026
2823	1074.056
2824	1073.843
2825	1074.102
2826	1073.874
2827	1074.087
2828	1074.041
2829	1073.782
2830	1073.691
2831	1073.843
2832	1073.859
2833	1074.391
2834	1074.847
2835	1074.573
2836	1074.072
2837	1073.859
2838	1074.3
2839	1074.148
2840	1074.193
2841	1074.33
2842	1074.026
2843	1074.087
2844	1073.874
2845	1074.467
2846	1074.558
2847	1074.315
2848	1074.71
2849	1074.558
2850	1074.832
2851	1074.315
2852	1074.619
2853	1074.406
2854	1074.847
2855	1074.558
2856	1074.193
2857	1073.995
2858	1074.573
2859	1074.208
2860	1074.087
2861	1074.254
2862	1074.325
2863	1074.102
2864	1074.437
2865	1074.817
2866	1074.543
2867	1074.193
2868	1074.528
2869	1075.06
2870	1074.619
2871	1074.467
2872	1074.939
2873	1074.908
2874	1075.076
2875	1074.954
2876	1074.893
2877	1075
2878	1074.741
2879	1074.741
2880	1074.847
2881	1074.71
2882	1074.224
2883	1074.65
2884	1074.619
2885	1074.224
2886	1074.315
2887	1074.239
2888	1074.406
2889	1074.3
2890	1073.935
2891	1073.828
2892	1073.828
2893	1073.828
2894	1073.646
2895	1073.965
2896	1074.117
2897	1074.102
2898	1073.752
2899	1073.95
2900	1074.102
2901	1073.889
2902	1074.072
2903	1074.284
2904	1074.011
2905	1074.467
2906	1073.813
2907	1074.072
2908	1074.513
2909	1074.284
2910	1074.239
2911	1074.604
2912	1074.573
2913	1074.65
2914	1073.935
2915	1074.239
2916	1074.011
2917	1074.421
2918	1074.315
2919	1074.208
2920	1074.132
2921	1074.345
2922	1074.148
2923	1074.132
2924	1073.919
2925	1074.056
2926	1074.284
2927	1074.345
2928	1074.102
2929	1073.95
2930	1073.904
2931	1074.269
2932	1074.041
2933	1073.935
2934	1073.828
2935	1074.056
2936	1074.041
2937	1073.995
2938	1073.828
2939	1073.889
2940	1074.224
2941	1074.421
2942	1073.752
2943	1074.011
2944	1073.919
2945	1074.528
2946	1073.585
2947	1074.163
2948	1074.102
2949	1074.391
2950	1074.178
2951	1074.148
2952	1074.254
2953	1074.041
2954	1074.087
2955	1074.102
2956	1073.813
2957	1074.254
2958	1074.345
2959	1074.284
2960	1074.269
2961	1074.604
2962	1074.756
2963	1074.421
2964	1074.543
2965	1075.197
2966	1074.771
2967	1074.878
2968	1074.65
2969	1074.497
2970	1074.406
2971	1074.756
2972	1075.03
2973	1074.817
2974	1074.376
2975	1074.208
2976	1074.406
2977	1074.011
2978	1074.315
2979	1074.558
2980	1074.467
2981	1074.117
2982	1074.056
2983	1074.072
2984	1074.102
2985	1074.543
2986	1074.376
2987	1074.376
2988	1074.421
2989	1074.893
2990	1075.076
2991	1074.528
2992	1074.178
2993	1074.786
2994	1074.3
2995	1075.045
2996	1074.771
2997	1074.208
2998	1074.452
2999	1074.269
3000	1074.452
3001	1074.452
3002	1073.904
3003	1073.98
3004	1073.95
3005	1074.148
3006	1074.224
3007	1074.452
3008	1074.163
3009	1074.832
3010	1074.802
3011	1074.817
3012	1074.528
3013	1074.345
3014	1074.315
3015	1074.102
3016	1074.072
3017	1073.843
3018	1074.026
3019	1074.497
3020	1074.391
3021	1074.041
3022	1074.36
3023	1074.315
3024	1073.767
3025	1073.813
3026	1073.706
3027	1073.554
3028	1074.087
3029	1074.284
3030	1074.224
3031	1074.467
3032	1074.771
3033	1074.376
3034	1074.497
3035	1074.452
3036	1074.528
3037	1074.193
3038	1074.102
3039	1074.148
3040	1074.011
3041	1073.965
3042	1074.102
3043	1074.026
3044	1074.026
3045	1073.676
3046	1073.859
3047	1073.554
3048	1073.311
3049	1073.63
3050	1073.493
3051	1073.965
3052	1073.235
3053	1073.372
3054	1073.432
3055	1073.661
3056	1073.767
3057	1073.843
3058	1073.63
3059	1073.646
3060	1073.509
3061	1072.946
3062	1073.874
3063	1073.448
3064	1073.478
3065	1073.28
3066	1073.372
3067	1073.326
3068	1073.067
3069	1072.839
3070	1073.006
3071	1073.189
3072	1072.9
3073	1073.189
3074	1073.432
3075	1073.25
3076	1073.417
3077	1073.767
3078	1073.706
3079	1074.026
3080	1074.269
3081	1074.467
3082	1074.497
3083	1074.193
3084	1073.828
3085	1074.117
3086	1074.543
3087	1074.254
3088	1074.345
3089	1073.995
3090	1074.406
3091	1074.634
3092	1074.558
3093	1074.193
3094	1074.178
3095	1074.406
3096	1074.497
3097	1074.102
3098	1074.117
3099	1074.163
3100	1073.935
3101	1073.874
3102	1073.509
3103	1073.767
3104	1074.056
3105	1074.269
3106	1074.102
3107	1074.026
3108	1074.193
3109	1074.421
3110	1073.995
3111	1074.193
3112	1074.239
3113	1073.98
3114	1073.904
3115	1073.874
3116	1073.798
3117	1073.646
3118	1073.889
3119	1073.6
3120	1073.691
3121	1073.691
3122	1073.904
3123	1073.341
3124	1073.493
3125	1073.463
3126	1073.128
3127	1073.585
3128	1073.463
3129	1073.448
3130	1073.554
3131	1073.311
3132	1073.432
3133	1073.387
3134	1073.006
3135	1073.174
3136	1072.961
3137	1072.87
3138	1072.9
3139	1073.493
3140	1073.098
3141	1073.432
3142	1073.25
3143	1073.372
3144	1073.509
3145	1072.976
3146	1073.25
3147	1073.402
3148	1073.509
3149	1073.6
3150	1073.722
3151	1073.524
3152	1073.463
3153	1073.22
3154	1073.174
3155	1073.296
3156	1073.615
3157	1073.798
3158	1073.28
3159	1073.022
3160	1073.006
3161	1072.991
3162	1073.174
3163	1073.204
3164	1073.052
3165	1073.25
3166	1073.006
3167	1073.083
3168	1073.28
3169	1073.432
3170	1073.95
3171	1073.782
3172	1073.372
3173	1073.995
3174	1073.98
3175	1074.072
3176	1073.828
3177	1073.6
3178	1073.661
3179	1073.889
3180	1073.904
3181	1073.448
3182	1073.767
3183	1073.646
3184	1073.646
3185	1073.706
3186	1074.132
3187	1073.189
3188	1073.356
3189	1073.356
3190	1073.037
3191	1073.265
3192	1073.448
3193	1073.539
3194	1073.296
3195	1073.22
3196	1073.859
3197	1073.676
3198	1073.478
3199	1073.478
3200	1073.539
3201	1072.9
3202	1073.95
3203	1073.159
3204	1073.174
3205	1073.052
3206	1072.885
3207	1073.083
3208	1073.098
3209	1072.778
3210	1072.596
3211	1072.824
3212	1072.946
3213	1073.128
3214	1072.946
3215	1073.067
3216	1073.478
3217	1073.311
3218	1073.128
3219	1073.174
3220	1073.478
3221	1073.691
3222	1073.524
3223	1073.311
3224	1073.524
3225	1073.219
3226	1073.63
3227	1073.6
3228	1073.569
3229	1073.63
3230	1073.874
3231	1074.102
3232	1073.722
3233	1074.437
3234	1073.782
3235	1073.6
3236	1073.539
3237	1074.193
3238	1073.585
3239	1073.524
3240	1073.828
3241	1073.417
3242	1073.782
3243	1073.387
3244	1073.28
3245	1073.919
3246	1073.509
3247	1073.372
3248	1073.387
3249	1073.083
3250	1073.311
3251	1073.143
3252	1073.296
3253	1073.356
3254	1073.463
3255	1073.646
3256	1073.782
3257	1073.174
3258	1073.661
3259	1073.25
3260	1073.98
3261	1073.615
3262	1073.006
3263	1073.143
3264	1073.661
3265	1073.265
3266	1072.824
3267	1072.946
3268	1073.432
3269	1073.463
3270	1073.432
3271	1073.219
3272	1073.463
3273	1073.128
3274	1073.25
3275	1072.976
3276	1072.961
3277	1073.189
3278	1073.296
3279	1073.448
3280	1073.706
3281	1073.478
3282	1073.569
3283	1073.204
3284	1073.083
3285	1073.006
3286	1072.885
3287	1073.052
3288	1073.356
3289	1073.235
3290	1073.113
3291	1073.174
3292	1073.402
3293	1073.28
3294	1073.63
3295	1073.859
3296	1073.6
3297	1073.874
3298	1073.859
3299	1074.102
3300	1073.417
3301	1073.463
3302	1073.493
3303	1073.493
3304	1073.706
3305	1072.885
3306	1073.235
3307	1073.554
3308	1073.569
3309	1073.432
3310	1073.402
3311	1073.493
3312	1073.539
3313	1073.493
3314	1074.011
3315	1073.174
3316	1073.432
3317	1073.402
3318	1073.448
3319	1073.311
3320	1073.265
3321	1073.417
3322	1073.524
3323	1073.448
3324	1073.554
3325	1073.341
3326	1073.265
3327	1072.991
3328	1072.961
3329	1072.717
3330	1073.265
3331	1072.55
3332	1072.915
3333	1073.052
3334	1072.748
3335	1072.444
3336	1072.763
3337	1072.824
3338	1072.839
3339	1072.444
3340	1072.383
3341	1072.702
3342	1072.52
3343	1072.428
3344	1072.581
3345	1072.52
3346	1072.641
3347	1073.067
3348	1072.991
3349	1073.28
3350	1072.976
3351	1073.052
3352	1073.204
3353	1073.128
3354	1072.976
3355	1073.128
3356	1073.022
3357	1073.204
3358	1073.022
3359	1073.159
3360	1073.326
3361	1073.28
3362	1073.372
3363	1073.493
3364	1073.387
3365	1073.402
3366	1073.569
3367	1073.676
3368	1073.874
3369	1074.163
3370	1073.706
3371	1073.493
3372	1073.615
3373	1073.706
3374	1073.432
3375	1073.524
3376	1073.402
3377	1073.25
3378	1073.28
3379	1073.524
3380	1073.478
3381	1073.478
3382	1073.615
3383	1073.159
3384	1072.961
3385	1073.493
3386	1073.356
3387	1072.793
3388	1073.463
3389	1072.535
3390	1072.292
3391	1072.17
3392	1072.307
3393	1072.459
3394	1072.505
3395	1072.778
3396	1072.276
3397	1072.976
3398	1072.733
3399	1072.641
3400	1072.657
3401	1072.337
3402	1072.717
3403	1072.9
3404	1072.793
3405	1072.687
3406	1072.824
3407	1072.276
3408	1072.292
3409	1072.991
3410	1072.322
3411	1072.535
3412	1072.824
3413	1072.763
3414	1073.037
3415	1073.235
3416	1073.174
3417	1073.143
3418	1073.022
3419	1072.763
3420	1072.322
3421	1072.854
3422	1073.204
3423	1073.083
3424	1073.128
3425	1072.87
3426	1073.22
3427	1073.235
3428	1073.646
3429	1073.509
3430	1073.341
3431	1073.296
3432	1073.402
3433	1073.128
3434	1073.067
3435	1072.991
3436	1072.778
3437	1072.915
3438	1072.946
3439	1073.189
3440	1073.25
3441	1073.524
3442	1073.22
3443	1073.098
3444	1072.946
3445	1072.9
3446	1073.022
3447	1072.9
3448	1072.976
3449	1072.717
3450	1073.006
3451	1072.611
3452	1072.93
3453	1073.067
3454	1072.733
3455	1072.581
3456	1072.657
3457	1073.189
3458	1072.839
3459	1072.809
3460	1072.946
3461	1073.022
3462	1072.793
3463	1072.185
3464	1072.93
3465	1072.489
3466	1072.611
3467	1072.778
3468	1072.687
3469	1072.702
3470	1073.006
3471	1072.672
3472	1072.748
3473	1072.763
3474	1072.657
3475	1072.809
3476	1073.098
3477	1072.976
3478	1072.854
3479	1073.387
3480	1073.235
3481	1073.174
3482	1073.326
3483	1073.037
3484	1073.204
3485	1073.098
3486	1073.326
3487	1072.976
3488	1072.763
3489	1072.87
3490	1072.854
3491	1072.657
3492	1072.672
3493	1072.52
3494	1072.352
3495	1072.733
3496	1072.824
3497	1072.002
3498	1072.322
3499	1072.231
3500	1072.626
3501	1072.535
3502	1073.189
3503	1073.22
3504	1072.748
3505	1072.459
3506	1072.474
3507	1072.596
3508	1072.763
3509	1072.368
3510	1072.581
3511	1072.322
3512	1072.809
3513	1073.174
3514	1072.9
3515	1072.52
3516	1072.961
3517	1072.809
3518	1072.672
3519	1072.581
3520	1072.915
3521	1072.991
3522	1072.793
3523	1072.946
3524	1072.413
3525	1072.337
3526	1072.413
3527	1072.596
3528	1072.702
3529	1072.717
3530	1072.915
3531	1073.128
3532	1073.204
3533	1072.915
3534	1072.991
3535	1073.083
3536	1073.052
3537	1073.28
3538	1073.63
3539	1073.554
3540	1073.478
3541	1073.432
3542	1073.083
3543	1073.128
3544	1073.083
3545	1073.128
3546	1073.235
3547	1073.296
3548	1073.204
3549	1073.569
3550	1072.9
3551	1073.189
3552	1073.356
3553	1073.159
3554	1073.067
3555	1072.824
3556	1073.037
3557	1073.022
3558	1073.174
3559	1073.296
3560	1073.524
3561	1073.28
3562	1073.296
3563	1073.326
3564	1073.189
3565	1073.296
3566	1073.737
3567	1073.311
3568	1073.22
3569	1073.615
3570	1073.463
3571	1073.402
3572	1073.417
3573	1073.022
3574	1073.022
3575	1072.733
3576	1072.793
3577	1072.702
3578	1072.9
3579	1072.778
3580	1072.854
3581	1072.55
3582	1072.626
3583	1072.505
3584	1072.094
3585	1072.444
3586	1071.637
3587	1072.672
3588	1072.748
3589	1072.854
3590	1072.626
3591	1072.55
3592	1071.668
3593	1072.352
3594	1072.398
3595	1072.474
3596	1072.601
3597	NaN
3598	NaN
3599	NaN
3600	1103.662
3601	NaN
3602	NaN
3603	NaN
3604	NaN
3605	NaN
3606	1993.087
3607	1073.402
3608	1073.098
3609	1072.961
3610	1072.596
3611	1073.083
3612	1073.159
3613	1072.687
3614	1072.596
3615	1072.672
3616	1072.459
3617	1072.428
3618	1072.428
3619	1072.581
3620	1071.987
3621	1071.47
3622	1071.926
3623	1072.246
3624	1072.337
3625	1072.748
3626	1072.428
3627	1072.459
3628	1072.535
3629	1072.489
3630	1072.748
3631	1072.702
3632	1072.626
3633	1073.098
3634	1073.143
3635	1072.946
3636	1072.793
3637	1073.174
3638	1073.143
3639	1073.22
3640	1072.854
3641	1072.793
3642	1072.793
3643	1072.733
3644	1072.276
3645	1072.611
3646	1073.128
3647	1072.581
3648	1073.052
3649	1072.824
3650	1072.717
3651	1072.717
3652	1072.2
3653	1072.383
3654	1072.307
3655	1072.459
3656	1072.292
3657	1072.002
3658	1071.622
3659	1071.759
3660	1071.668
3661	1071.926
3662	1071.364
3663	1071.683
3664	1071.698
3665	1071.333
3666	1071.485
3667	1071.348
3668	1072.078
3669	1071.942
3670	1072.078
3671	1071.683
3672	1071.653
3673	1071.713
3674	1071.805
3675	1071.485
3676	1072.155
3677	1072.276
3678	1072.474
3679	1072.17
3680	1071.607
3681	1071.592
3682	1071.942
3683	1072.474
3684	1072.002
3685	1072.231
3686	1071.865
3687	1071.896
3688	1072.078
3689	1071.82
3690	1071.865
3691	1071.865
3692	1072.17
3693	1072.535
3694	1072.368
3695	1072.383
3696	1072.444
3697	1072.078
3698	1072.52
3699	1072.809
3700	1072.961
3701	1072.824
3702	1072.961
3703	1072.398
3704	1073.189
3705	1072.793
3706	1072.641
3707	1072.55
3708	1073.037
3709	1072.87
3710	1073.174
3711	1073.128
3712	1072.657
3713	1072.444
3714	1073.037
3715	1073.189
3716	1072.93
3717	1072.748
3718	1072.885
