1	1416.46
2	1416.574
3	1416.933
4	1416.639
5	1417.112
6	1416.868
7	1416.33
8	1416.346
9	1416.215
10	1416.688
11	1416.232
12	1416.232
13	1415.727
14	1416.167
15	1416.15
16	1416.395
17	1416.15
18	1415.221
19	1415.401
20	1416.004
21	1416.134
22	1416.118
23	1415.27
24	1415.71
25	1415.58
26	1415.531
27	1415.45
28	1414.684
29	1415.107
30	1415.971
31	1415.433
32	1415.01
33	1414.928
34	1415.107
35	1415.27
36	1414.749
37	1414.162
38	1414.407
39	1414.83
40	1414.553
41	1413.983
42	1414.309
43	1414.309
44	1414.276
45	1414.423
46	1414.064
47	1413.95
48	1413.69
49	1413.184
50	1413.282
51	1412.907
52	1413.69
53	1414.097
54	1413.086
55	1413.608
56	1413.526
57	1413.95
58	1413.673
59	1413.657
60	1413.836
61	1413.429
62	1412.891
63	1413.233
64	1413.429
65	1413.152
66	1413.249
67	1413.021
68	1413.184
69	1412.842
70	1412.695
71	1412.989
72	1412.907
73	1412.777
74	1412.581
75	1412.239
76	1412.304
77	1412.598
78	1412.728
79	1412.516
80	1412.337
81	1412.109
82	1412.19
83	1412.32
84	1412.027
85	1412.206
86	1412.011
87	1411.669
88	1412.239
89	1412.206
90	1411.538
91	1411.799
92	1411.718
93	1411.375
94	1411.375
95	1411.799
96	1411.701
97	1411.701
98	1411.424
99	1410.87
100	1411.669
101	1411.033
102	1410.723
103	1411.196
104	1411.392
105	1411.082
106	1410.87
107	1410.952
108	1410.952
109	1410.789
110	1410.903
111	1410.495
112	1410.593
113	1410.707
114	1409.909
115	1410.626
116	1410.756
117	1410.104
118	1409.713
119	1410.626
120	1410.234
121	1409.86
122	1409.99
123	1410.104
124	1410.023
125	1409.958
126	1409.811
127	1409.648
128	1410.349
129	1409.811
130	1409.306
131	1409.615
132	1409.192
133	1409.306
134	1409.664
135	1410.316
136	1409.208
137	1408.915
138	1409.208
139	1409.615
140	1409.192
141	1409.045
142	1409.664
143	1409.354
144	1408.963
145	1408.98
146	1409.192
147	1409.012
148	1408.768
149	1408.572
150	1408.817
151	1408.344
152	1408.214
153	1408.589
154	1407.953
155	1408.295
156	1408.181
157	1408.116
158	1408.23
159	1407.529
160	1408.279
161	1408.051
162	1408.36
163	1408.181
164	1408.393
165	1408.132
166	1407.676
167	1407.806
168	1407.823
169	1408.328
170	1408.246
171	1407.757
172	1407.627
173	1407.92
174	1407.513
175	1407.823
176	1407.806
177	1407.66
178	1407.872
179	1407.79
180	1407.643
181	1407.562
182	1407.073
183	1407.089
184	1406.91
185	1407.334
186	1406.91
187	1406.731
188	1407.171
189	1406.877
190	1406.796
191	1406.6
192	1406.763
193	1406.796
194	1406.714
195	1406.617
196	1406.307
197	1406.128
198	1406.747
199	1406.193
200	1406.714
201	1406.03
202	1406.568
203	1406.372
204	1406.47
205	1406.209
206	1406.6
207	1406.747
208	1406.389
209	1405.997
210	1406.128
211	1406.307
212	1406.095
213	1406.307
214	1405.655
215	1406.356
216	1405.704
217	1406.03
218	1405.948
219	1405.818
220	1406.063
221	1405.427
222	1405.574
223	1405.704
224	1405.574
225	1405.623
226	1405.166
227	1405.525
228	1405.639
229	1405.345
230	1405.655
231	1405.818
232	1405.117
233	1404.889
234	1405.248
235	1405.215
236	1405.443
237	1404.857
238	1405.117
239	1404.498
240	1405.085
241	1404.726
242	1404.987
243	1404.808
244	1404.987
245	1402.037
246	1395.388
247	1393.84
248	1392.406
249	1393.856
250	1393.514
251	1393.661
252	1393.791
253	1393.921
254	1393.628
255	1394.084
256	1393.416
257	1393.693
258	1393.775
259	1393.384
260	1393.4
261	1393.09
262	1393.351
263	1392.895
264	1393.318
265	1392.944
266	1392.585
267	1393.579
268	1393.025
269	1392.634
270	1392.65
271	1393.155
272	1392.895
273	1393.155
274	1392.862
275	1393.058
276	1392.911
277	1392.112
278	1392.699
279	1392.21
280	1392.487
281	1392.422
282	1392.65
283	1392.65
284	1392.275
285	1392.129
286	1392.862
287	1392.504
288	1392.569
289	1392.406
290	1392.047
291	1392.177
292	1392.161
293	1392.292
294	1392.031
295	1392.65
296	1392.259
297	1392.194
298	1392.08
299	1391.917
300	1391.656
301	1392.08
302	1391.428
303	1391.852
304	1391.819
305	1391.803
306	1391.949
307	1392.08
308	1391.575
309	1391.037
310	1391.281
311	1390.695
312	1391.542
313	1391.265
314	1391.493
315	1390.906
316	1391.102
317	1390.906
318	1390.923
319	1391.086
320	1391.558
321	1391.428
322	1391.314
323	1391.689
324	1390.988
325	1391.265
326	1391.021
327	1390.727
328	1390.923
329	1390.662
330	1390.483
331	1390.662
332	1390.695
333	1390.515
334	1390.711
335	1390.972
336	1390.597
337	1390.825
338	1390.352
339	1390.303
340	1390.499
341	1390.743
342	1390.711
343	1390.466
344	1390.385
345	1390.206
346	1390.206
347	1390.287
348	1390.059
349	1389.749
350	1390.613
351	1390.124
352	1390.092
353	1390.108
354	1390.483
355	1390.157
356	1389.88
357	1389.88
358	1389.929
359	1389.7
360	1390.059
361	1389.717
362	1389.603
363	1390.417
364	1390.206
365	1389.978
366	1389.929
367	1389.766
368	1389.88
369	1389.57
370	1389.929
371	1389.489
372	1389.668
373	1389.375
374	1389.244
375	1389.652
376	1389.472
377	1389.163
378	1389.032
379	1389.244
380	1388.902
381	1388.869
382	1389.407
383	1388.739
384	1389.195
385	1388.918
386	1388.592
387	1388.853
388	1389.163
389	1388.853
390	1388.983
391	1388.788
392	1389.146
393	1388.674
394	1389.081
395	1388.837
396	1388.299
397	1388.429
398	1388.201
399	1388.69
400	1388.218
401	1388.201
402	1388.038
403	1388.038
404	1387.924
405	1387.403
406	1388.413
407	1387.435
408	1387.696
409	1387.696
410	1387.468
411	1388.185
412	1388.087
413	1388.087
414	1388.478
415	1388.266
416	1388.56
417	1387.582
418	1388.136
419	1387.549
420	1387.973
421	1387.924
422	1388.169
423	1387.582
424	1386.979
425	1387.729
426	1387.566
427	1387.386
428	1387.777
429	1386.8
430	1387.843
431	1387.859
432	1387.5
433	1387.093
434	1387.403
435	1386.995
436	1386.963
437	1387.256
438	1386.832
439	1386.49
440	1387.093
441	1387.06
442	1386.441
443	1386.523
444	1387.093
445	1386.588
446	1386.8
447	1386.604
448	1385.903
449	1386.278
450	1386.458
451	1386.93
452	1387.321
453	1386.604
454	1386.05
455	1386.001
456	1386.099
457	1386.327
458	1386.066
459	1386.718
460	1386.262
461	1386.262
462	1386.262
463	1385.74
464	1386.506
465	1386.506
466	1385.854
467	1385.838
468	1385.692
469	1385.952
470	1385.903
471	1385.61
472	1385.659
473	1385.969
474	1386.083
475	1385.252
476	1385.317
477	1385.61
478	1385.284
479	1385.463
480	1385.675
481	1385.317
482	1385.398
483	1385.398
484	1384.779
485	1385.056
486	1385.398
487	1385.317
488	1385.154
489	1385.561
490	1385.089
491	1385.219
492	1384.942
493	1385.675
494	1384.828
495	1384.926
496	1384.714
497	1384.86
498	1384.844
499	1384.648
500	1384.192
501	1384.844
502	1384.893
503	1384.974
504	1385.04
505	1385.072
506	1384.453
507	1384.746
508	1384.844
509	1384.534
510	1384.257
511	1384.746
512	1384.208
513	1384.551
514	1384.485
515	1384.502
516	1384.371
517	1384.649
518	1384.388
519	1384.6
520	1384.045
521	1384.323
522	1384.355
523	1384.062
524	1383.703
525	1383.964
526	1384.062
527	1384.062
528	1383.589
529	1383.736
530	1383.475
531	1383.377
532	1384.078
533	1384.339
534	1383.622
535	1383.801
536	1383.817
537	1383.964
538	1383.622
539	1383.834
540	1383.345
541	1383.997
542	1383.589
543	1383.671
544	1383.899
545	1383.915
546	1383.605
547	1383.231
548	1383.899
549	1383.263
550	1383.165
551	1383.394
552	1382.481
553	1383.117
554	1383.198
555	1383.198
556	1383.247
557	1383.328
558	1383.508
559	1382.986
560	1383.149
561	1383.002
562	1382.253
563	1383.263
564	1382.367
565	1382.937
566	1382.758
567	1382.563
568	1382.432
569	1382.888
570	1383.231
571	1383.051
572	1383.459
573	1383.622
574	1382.579
575	1382.742
576	1382.709
577	1382.709
578	1382.497
579	1382.171
580	1382.465
581	1381.748
582	1382.465
583	1382.725
584	1382.383
585	1383.182
586	1382.008
587	1381.845
588	1381.878
589	1381.748
590	1382.09
591	1382.285
592	1382.334
593	1381.878
594	1382.269
595	1381.992
596	1381.764
597	1381.699
598	1381.845
599	1381.878
600	1381.699
601	1382.025
602	1381.764
603	1382.367
604	1381.519
605	1381.275
606	1382.041
607	1381.797
608	1381.242
609	1381.78
610	1381.584
611	1382.122
612	1382.253
613	1381.536
614	1381.324
615	1382.008
616	1381.145
617	1381.536
618	1380.851
619	1381.193
620	1380.379
621	1381.405
622	1381.78
623	1380.916
624	1380.835
625	1381.014
626	1380.656
627	1380.542
628	1381.324
629	1380.998
630	1381.145
631	1380.949
632	1380.639
633	1380.998
634	1381.161
635	1380.444
636	1380.916
637	1381.242
638	1380.183
639	1379.759
640	1380.558
641	1380.183
642	1380.476
643	1380.33
644	1379.873
645	1380.542
646	1380.542
647	1380.248
648	1380.346
649	1380.313
650	1379.645
651	1379.939
652	1380.623
653	1380.216
654	1380.118
655	1380.248
656	1379.873
657	1379.824
658	1380.379
659	1380.085
660	1379.792
661	1380.15
662	1380.232
663	1379.547
664	1379.841
665	1380.118
666	1379.417
667	1379.792
668	1379.987
669	1379.727
670	1379.651
671	1379.759
672	1379.58
673	1379.596
674	1379.808
675	1379.694
676	1379.466
677	1379.792
678	1380.167
679	1379.776
680	1379.352
681	1379.547
682	1379.906
683	1380.02
684	1379.89
685	1379.531
686	1379.596
687	1379.173
688	1378.961
689	1379.58
690	1379.857
691	1378.944
692	1379.222
693	1379.189
694	1378.961
695	1379.499
696	1379.499
697	1378.847
698	1378.537
699	1378.733
700	1379.189
701	1378.635
702	1379.173
703	1378.439
704	1378.162
705	1378.293
706	1378.651
707	1378.684
708	1378.423
709	1378.227
710	1378.781
711	1378.423
712	1378.39
713	1378.537
714	1378.195
715	1378.097
716	1377.804
717	1378.276
718	1378.472
719	1378.749
720	1378.309
721	1377.934
722	1378.097
723	1378.619
724	1378.553
725	1377.95
726	1378.342
727	1378.439
728	1377.771
729	1378.244
730	1378.195
731	1377.755
732	1377.999
733	1378.146
734	1378.39
735	1378.113
736	1377.592
737	1377.625
738	1378.179
739	1378.505
740	1378.13
741	1378.113
742	1377.625
743	1377.787
744	1377.983
745	1377.755
746	1377.543
747	1377.021
748	1377.608
749	1378.26
750	1377.885
751	1377.462
752	1377.282
753	1377.576
754	1377.201
755	1377.462
756	1377.527
757	1377.168
758	1377.396
759	1377.494
760	1378.325
761	1377.722
762	1377.51
763	1376.907
764	1376.679
765	1376.728
766	1377.478
767	1377.184
768	1376.419
769	1376.728
770	1376.826
771	1377.005
772	1376.793
773	1376.973
774	1376.826
775	1376.973
776	1377.005
777	1376.37
778	1377.38
779	1376.663
780	1376.598
781	1376.842
782	1377.168
783	1376.761
784	1376.598
785	1376.728
786	1376.359
787	1375.816
788	1375.962
789	1376.402
790	1376.956
791	1376.663
792	1376.875
793	1377.038
794	1376.647
795	1376.484
796	1376.435
797	1376.5
798	1376.337
799	1376.272
800	1376.207
801	1375.962
802	1375.848
803	1375.897
804	1376.337
805	1376.761
806	1375.75
807	1375.685
808	1375.946
809	1375.848
810	1375.457
811	1375.631
812	1375.881
813	1375.376
814	1375.881
815	1375.604
816	1376.451
817	1376.125
818	1375.816
819	1375.408
820	1375.278
821	1375.457
822	1375.669
823	1375.946
824	1375.587
825	1375.669
826	1375.702
827	1375.327
828	1375.653
829	1375.636
830	1375.962
831	1376.81
832	1376.419
833	1375.783
834	1375.245
835	1375.213
836	1375.31
837	1375.653
838	1375.424
839	1374.952
840	1375.278
841	1375.734
842	1375.799
843	1376.044
844	1375.229
845	1374.838
846	1375.734
847	1375.131
848	1375.017
849	1375.571
850	1375.327
851	1375.376
852	1375.147
853	1375.522
854	1375.147
855	1375.033
856	1374.544
857	1375.099
858	1375.017
859	1375.082
860	1374.414
861	1374.659
862	1374.414
863	1374.512
864	1374.17
865	1373.958
866	1374.121
867	1374.968
868	1374.984
869	1374.626
870	1374.659
871	1374.789
872	1374.235
873	1373.583
874	1374.61
875	1374.186
876	1373.893
877	1373.762
878	1373.648
879	1373.86
880	1373.762
881	1373.762
882	1373.778
883	1373.762
884	1373.844
885	1373.257
886	1374.479
887	1374.186
888	1373.958
889	1374.121
890	1374.056
891	1373.208
892	1373.648
893	1373.338
894	1373.567
895	1374.072
896	1374.186
897	1373.713
898	1374.072
899	1373.892
900	1373.534
901	1373.958
902	1373.664
903	1373.469
904	1372.964
905	1373.518
906	1373.012
907	1373.697
908	1373.86
909	1373.925
910	1373.127
911	1373.355
912	1373.192
913	1373.192
914	1373.371
915	1373.567
916	1373.078
917	1372.996
918	1373.192
919	1372.882
920	1372.801
921	1373.094
922	1373.387
923	1373.143
924	1373.306
925	1373.338
926	1373.501
927	1373.175
928	1373.127
929	1373.306
930	1373.355
931	1373.061
932	1372.507
933	1373.127
934	1372.589
935	1372.605
936	1372.719
937	1372.752
938	1372.784
939	1372.882
940	1372.947
941	1372.393
942	1372.866
943	1373.012
944	1372.556
945	1372.768
946	1372.426
947	1372.735
948	1372.654
949	1372.442
950	1372.377
951	1372.491
952	1372.084
953	1372.165
954	1372.54
955	1372.866
956	1373.127
957	1372.752
958	1372.752
959	1372.393
960	1372.654
961	1372.882
962	1372.54
963	1372.361
964	1372.312
965	1372.002
966	1372.051
967	1372.181
968	1372.116
969	1372.263
970	1372.833
971	1371.953
972	1371.644
973	1371.969
974	1372.54
975	1371.807
976	1372.067
977	1371.725
978	1371.187
979	1371.187
980	1371.741
981	1372.035
982	1371.937
983	1371.855
984	1371.578
985	1371.546
986	1371.807
987	1371.888
988	1372.018
989	1371.448
990	1371.839
991	1371.904
992	1371.676
993	1371.367
994	1371.693
995	1371.904
996	1371.595
997	1371.611
998	1371.79
999	1371.497
1000	1371.334
1001	1370.943
1002	1371.301
1003	1371.22
1004	1371.383
1005	1370.959
1006	1370.845
1007	1371.187
1008	1371.187
1009	1371.155
1010	1370.78
1011	1370.829
1012	1371.024
1013	1371.122
1014	1370.6
1015	1370.617
1016	1370.323
1017	1371.122
1018	1370.486
1019	1371.644
1020	1371.66
1021	1371.513
1022	1371.35
1023	1370.812
1024	1370.894
1025	1370.796
1026	1370.763
1027	1371.057
1028	1370.503
1029	1370.763
1030	1371.008
1031	1370.747
1032	1371.187
1033	1370.747
1034	1371.138
1035	1370.372
1036	1370.177
1037	1370.486
1038	1369.851
1039	1370.242
1040	1370.34
1041	1370.927
1042	1370.698
1043	1370.763
1044	1370.992
1045	1370.486
1046	1370.454
1047	1370.438
1048	1370.943
1049	1370.552
1050	1369.949
1051	1369.297
1052	1370.519
1053	1370.209
1054	1370.128
1055	1370.177
1056	1370.03
1057	1369.688
1058	1369.72
1059	1369.883
1060	1370.063
1061	1369.639
1062	1369.834
1063	1369.753
1064	1369.932
1065	1370.258
1066	1369.883
1067	1369.769
1068	1370.177
1069	1370.486
1070	1370.014
1071	1369.834
1072	1369.753
1073	1369.623
1074	1369.883
1075	1369.443
1076	1369.623
1077	1369.965
1078	1369.802
1079	1369.672
1080	1369.59
1081	1369.215
1082	1369.134
1083	1369.395
1084	1369.443
1085	1369.264
1086	1369.085
1087	1369.297
1088	1369.215
1089	1368.938
1090	1368.58
1091	1368.808
1092	1369.28
1093	1369.46
1094	1369.395
1095	1369.427
1096	1369.02
1097	1369.117
1098	1369.199
1099	1369.655
1100	1368.84
1101	1369.28
1102	1369.655
1103	1369.329
1104	1368.857
1105	1369.264
1106	1368.987
1107	1369.557
1108	1369.232
1109	1369.15
1110	1369.509
1111	1368.808
1112	1368.792
1113	1369.297
1114	1369.297
1115	1368.938
1116	1368.889
1117	1368.743
1118	1369.101
1119	1369.492
1120	1369.28
1121	1368.531
1122	1368.792
1123	1368.726
1124	1368.726
1125	1368.792
1126	1369.427
1127	1368.808
1128	1368.694
1129	1368.384
1130	1368.661
1131	1368.4
1132	1368.612
1133	1369.134
1134	1368.009
1135	1368.286
1136	1368.254
1137	1368.661
1138	1369.117
1139	1368.433
1140	1368.759
1141	1368.172
1142	1367.928
1143	1368.303
1144	1368.808
1145	1368.808
1146	1368.107
1147	1368.058
1148	1368.107
1149	1368.482
1150	1368.237
1151	1368.27
1152	1367.765
1153	1367.993
1154	1368.14
1155	1367.749
1156	1368.629
1157	1367.96
1158	1367.651
1159	1367.537
1160	1367.797
1161	1368.303
1162	1368.074
1163	1367.797
1164	1367.26
1165	1367.863
1166	1367.667
1167	1367.211
1168	1367.374
1169	1367.732
1170	1368.254
1171	1368.123
1172	1367.814
1173	1367.911
1174	1367.7
1175	1367.406
1176	1367.732
1177	1367.537
1178	1367.162
1179	1366.869
1180	1367.243
1181	1367.08
1182	1367.129
1183	1367.015
1184	1367.08
1185	1367.211
1186	1367.162
1187	1367.064
1188	1367.683
1189	1367.129
1190	1367.064
1191	1367.113
1192	1366.95
1193	1367.406
1194	1366.787
1195	1366.494
1196	1366.722
1197	1367.113
1198	1367.048
1199	1367.129
1200	1367.374
1201	1366.803
1202	1366.787
1203	1366.885
1204	1366.966
1205	1367.097
1206	1366.95
1207	1366.836
1208	1366.836
1209	1366.657
1210	1366.885
1211	1366.445
1212	1366.787
1213	1366.689
1214	1367.146
1215	1367.064
1216	1366.412
1217	1366.331
1218	1366.836
1219	1366.999
1220	1366.64
1221	1366.526
1222	1366.901
1223	1366.575
1224	1366.559
1225	1366.852
1226	1366.38
1227	1366.592
1228	1366.477
1229	1366.608
1230	1366.64
1231	1366.347
1232	1366.217
1233	1365.891
1234	1366.298
1235	1365.744
1236	1366.103
1237	1365.94
1238	1366.07
1239	1366.184
1240	1366.461
1241	1366.086
1242	1365.777
1243	1366.021
1244	1365.679
1245	1365.842
1246	1365.565
1247	1366.005
1248	1365.972
1249	1366.461
1250	1365.712
1251	1365.842
1252	1365.972
1253	1365.174
1254	1365.923
1255	1366.347
1256	1366.086
1257	1365.94
1258	1365.744
1259	1365.695
1260	1365.646
1261	1366.021
1262	1365.5
1263	1365.793
1264	1365.972
1265	1365.451
1266	1365.125
1267	1365.337
1268	1366.086
1269	1365.744
1270	1365.679
1271	1365.712
1272	1365.597
1273	1365.451
1274	1365.581
1275	1365.891
1276	1365.092
1277	1365.695
1278	1365.679
1279	1365.239
1280	1365.304
1281	1365.646
1282	1365.597
1283	1365.288
1284	1365.516
1285	1365.809
1286	1365.19
1287	1365.206
1288	1365.516
1289	1365.255
1290	1364.668
1291	1365.809
1292	1365.451
1293	1365.109
1294	1364.505
1295	1364.587
1296	1365.076
1297	1364.978
1298	1365.19
1299	1365.565
1300	1364.815
1301	1364.131
1302	1365.141
1303	1364.62
1304	1364.571
1305	1364.946
1306	1364.261
1307	1364.554
1308	1364.375
1309	1364.44
1310	1364.783
1311	1364.473
1312	1364.668
1313	1364.473
1314	1364.44
1315	1364.652
1316	1364.652
1317	1364.668
1318	1364.049
1319	1364.831
1320	1364.44
1321	1364.522
1322	1364.685
1323	1364.571
1324	1363.723
1325	1364.408
1326	1364.636
1327	1364.652
1328	1364.636
1329	1364.538
1330	1364.212
1331	1364.18
1332	1364.848
1333	1364.033
1334	1363.756
1335	1364.066
1336	1363.984
1337	1364.31
1338	1363.984
1339	1364.277
1340	1363.886
1341	1364.049
1342	1364.391
1343	1363.903
1344	1363.984
1345	1363.935
1346	1364.587
1347	1363.984
1348	1363.886
1349	1364.082
1350	1364.245
1351	1364.017
1352	1363.397
1353	1363.625
1354	1363.886
1355	1363.479
1356	1363.593
1357	1363.625
1358	1363.854
1359	1363.267
1360	1363.495
1361	1363.463
1362	1363.104
1363	1363.951
1364	1363.397
1365	1363.169
1366	1363.674
1367	1362.908
1368	1363.006
1369	1362.859
1370	1363.707
1371	1363.283
1372	1363.528
1373	1363.3
1374	1363.397
1375	1363.658
1376	1363.006
1377	1363.446
1378	1363.854
1379	1363.218
1380	1363.088
1381	1363.071
1382	1362.99
1383	1362.925
1384	1362.68
1385	1362.354
1386	1362.175
1387	1362.485
1388	1362.387
1389	1362.599
1390	1362.582
1391	1362.485
1392	1362.256
1393	1362.68
1394	1362.631
1395	1363.316
1396	1362.99
1397	1362.843
1398	1363.12
1399	1362.305
1400	1362.811
1401	1362.582
1402	1362.615
1403	1363.137
1404	1362.762
1405	1362.175
1406	1362.142
1407	1362.485
1408	1362.045
1409	1362.501
1410	1361.947
1411	1362.191
1412	1362.354
1413	1362.436
1414	1362.648
1415	1361.963
1416	1362.648
1417	1362.387
1418	1361.784
1419	1362.077
1420	1361.817
1421	1361.523
1422	1362.371
1423	1361.768
1424	1361.914
1425	1361.833
1426	1362.012
1427	1361.702
1428	1361.621
1429	1361.328
1430	1361.865
1431	1362.322
1432	1362.094
1433	1361.637
1434	1361.784
1435	1361.882
1436	1361.621
1437	1361.963
1438	1361.083
1439	1361.311
1440	1361.784
1441	1361.393
1442	1361.458
1443	1361.376
1444	1361.833
1445	1361.686
1446	1360.985
1447	1361.36
1448	1361.116
1449	1361.295
1450	1361.458
1451	1361.002
1452	1361.214
1453	1361.523
1454	1361.507
1455	1360.969
1456	1360.757
1457	1360.708
1458	1361.376
1459	1361.735
1460	1361.23
1461	1361.637
1462	1360.611
1463	1361.458
1464	1361.116
1465	1360.953
1466	1361.523
1467	1360.757
1468	1360.937
1469	1360.79
1470	1360.611
1471	1361.165
1472	1360.48
1473	1360.464
1474	1360.692
1475	1360.839
1476	1361.458
1477	1361.083
1478	1361.181
1479	1360.333
1480	1361.034
1481	1360.774
1482	1360.496
1483	1360.904
1484	1360.92
1485	1360.627
1486	1360.301
1487	1360.692
1488	1360.692
1489	1360.578
1490	1359.942
1491	1359.975
1492	1360.513
1493	1360.122
1494	1359.91
1495	1360.008
1496	1360.317
1497	1359.502
1498	1360.317
1499	1360.301
1500	1360.366
1501	1360.708
1502	1360.268
1503	1360.024
1504	1359.486
1505	1360.627
1506	1359.551
1507	1360.366
1508	1359.975
1509	1359.861
1510	1359.959
1511	1360.545
1512	1360.187
1513	1360.089
1514	1359.779
1515	1360.333
1516	1359.584
1517	1360.056
1518	1359.633
1519	1360.187
1520	1359.747
1521	1359.959
1522	1359.633
1523	1360.008
1524	1359.682
1525	1359.584
1526	1359.502
1527	1359.437
1528	1359.502
1529	1360.236
1530	1359.926
1531	1360.073
1532	1359.682
1533	1359.6
1534	1359.91
1535	1359.568
1536	1359.16
1537	1359.307
1538	1359.372
1539	1359.551
1540	1359.079
1541	1358.997
1542	1359.225
1543	1359.698
1544	1359.535
1545	1359.03
1546	1359.111
1547	1359.062
1548	1358.834
1549	1358.818
1550	1359.176
1551	1358.932
1552	1359.062
1553	1359.225
1554	1359.03
1555	1359.111
1556	1359.144
1557	1358.834
1558	1359.307
1559	1358.753
1560	1358.655
1561	1359.47
1562	1358.834
1563	1358.769
1564	1359.095
1565	1358.459
1566	1358.606
1567	1358.459
1568	1358.476
1569	1358.313
1570	1358.459
1571	1358.867
1572	1358.15
1573	1358.525
1574	1358.606
1575	1358.573
1576	1358.573
1577	1358.362
1578	1358.248
1579	1358.818
1580	1358.019
1581	1358.182
1582	1358.525
1583	1358.362
1584	1358.019
1585	1358.573
1586	1358.639
1587	1358.345
1588	1358.166
1589	1358.459
1590	1357.873
1591	1358.215
1592	1358.052
1593	1357.661
1594	1358.313
1595	1357.726
1596	1358.019
1597	1358.052
1598	1358.443
1599	1357.645
1600	1358.248
1601	1357.987
1602	1358.459
1603	1357.954
1604	1357.987
1605	1357.802
1606	1358.052
1607	1357.889
1608	1357.922
1609	1357.514
1610	1357.693
1611	1357.645
1612	1357.742
1613	1357.579
1614	1357.759
1615	1357.498
1616	1357.025
1617	1357.27
1618	1357.856
1619	1357.253
1620	1357.612
1621	1357.058
1622	1357.123
1623	1357.351
1624	1357.71
1625	1357.449
1626	1356.879
1627	1357.433
1628	1357.253
1629	1356.911
1630	1357.09
1631	1357.596
1632	1357.498
1633	1357.009
1634	1357.156
1635	1357.4
1636	1357.742
1637	1357.156
1638	1357.416
1639	1356.634
1640	1357.204
1641	1357.384
1642	1357.172
1643	1357.563
1644	1357.237
1645	1356.716
1646	1357.188
1647	1357.4
1648	1357.09
1649	1357.172
1650	1357.025
1651	1356.944
1652	1356.732
1653	1356.683
1654	1356.227
1655	1357.074
1656	1356.976
1657	1356.471
1658	1356.585
1659	1356.895
1660	1356.781
1661	1356.324
1662	1356.667
1663	1356.96
1664	1357.058
1665	1356.65
1666	1356.602
1667	1356.129
1668	1356.585
1669	1356.031
1670	1356.292
1671	1356.357
1672	1355.901
1673	1356.178
1674	1356.129
1675	1356.487
1676	1355.966
1677	1356.064
1678	1355.689
1679	1356.21
1680	1355.852
1681	1356.161
1682	1356.113
1683	1356.194
1684	1356.113
1685	1355.754
1686	1355.493
1687	1355.77
1688	1355.819
1689	1356.113
1690	1356.129
1691	1355.852
1692	1356.357
1693	1356.096
1694	1355.656
1695	1355.999
1696	1355.787
1697	1355.852
1698	1355.754
1699	1355.77
1700	1355.656
1701	1355.526
1702	1355.656
1703	1355.999
1704	1356.064
1705	1355.624
1706	1355.559
1707	1356.031
1708	1355.542
1709	1355.64
1710	1354.939
1711	1355.461
1712	1355.363
1713	1355.607
1714	1355.102
1715	1355.005
1716	1355.787
1717	1355.2
1718	1355.184
1719	1355.216
1720	1356.096
1721	1355.499
1722	1355.803
1723	1355.836
1724	1355.281
1725	1354.89
1726	1355.167
1727	1355.461
1728	1355.216
1729	1354.45
1730	1354.858
1731	1354.711
1732	1355.314
1733	1355.412
1734	1355.119
1735	1354.956
1736	1355.722
1737	1355.477
1738	1355.102
1739	1355.151
1740	1354.89
1741	1355.086
1742	1355.037
1743	1354.841
1744	1354.32
1745	1355.005
1746	1355.102
1747	1354.825
1748	1355.102
1749	1354.972
1750	1354.727
1751	1354.972
1752	1355.281
1753	1354.695
1754	1354.401
1755	1354.304
1756	1354.385
1757	1354.516
1758	1354.499
1759	1354.01
1760	1354.238
1761	1354.336
1762	1354.809
1763	1354.972
1764	1355.037
1765	1353.978
1766	1354.238
1767	1354.059
1768	1354.043
1769	1354.548
1770	1354.304
1771	1354.467
1772	1354.043
1773	1354.695
1774	1354.581
1775	1354.206
1776	1354.255
1777	1354.157
1778	1354.271
1779	1354.418
1780	1354.385
1781	1354.532
1782	1354.564
1783	1354.157
1784	1353.912
1785	1354.206
1786	1354.059
1787	1353.847
1788	1354.401
1789	1353.733
1790	1353.978
1791	1353.619
1792	1353.831
1793	1353.994
1794	1353.978
1795	1353.798
1796	1353.733
1797	1353.456
1798	1353.505
1799	1354.369
1800	1353.929
1801	1353.961
1802	1353.717
1803	1353.766
1804	1353.326
1805	1353.603
1806	1353.13
1807	1353.277
1808	1353.212
1809	1353.587
1810	1353.505
1811	1353.978
1812	1353.473
1813	1353.717
1814	1353.521
1815	1353.961
1816	1353.456
1817	1353.114
1818	1353.798
1819	1353.554
1820	1353.473
1821	1353.521
1822	1353.163
1823	1352.984
1824	1353.717
1825	1353.717
1826	1353.798
1827	1353.081
1828	1352.918
1829	1352.967
1830	1352.902
1831	1353.652
1832	1353.212
1833	1353.049
1834	1353.065
1835	1352.576
1836	1352.87
1837	1352.918
1838	1353.147
1839	1352.462
1840	1352.723
1841	1352.984
1842	1352.429
1843	1353.212
1844	1352.413
1845	1352.853
1846	1352.707
1847	1352.625
1848	1352.511
1849	1352.185
1850	1352.462
1851	1352.837
1852	1352.886
1853	1352.364
1854	1352.658
1855	1352.821
1856	1352.576
1857	1352.527
1858	1352.641
1859	1352.902
1860	1352.283
1861	1351.892
1862	1352.25
1863	1352.201
1864	1352.413
1865	1352.707
1866	1352.462
1867	1352.348
1868	1352.413
1869	1352.169
1870	1352.641
1871	1352.234
1872	1352.104
1873	1352.592
1874	1352.609
1875	1352.397
1876	1351.908
1877	1351.712
1878	1352.087
1879	1351.68
1880	1352.495
1881	1351.908
1882	1352.055
1883	1352.136
1884	1351.517
1885	1351.664
1886	1351.566
1887	1352.152
1888	1351.631
1889	1351.892
1890	1351.566
1891	1352.006
1892	1351.712
1893	1351.827
1894	1351.224
1895	1352.348
1896	1352.104
1897	1351.68
1898	1351.794
1899	1352.12
1900	1350.718
1901	1351.321
1902	1351.615
1903	1351.631
1904	1351.37
1905	1351.24
1906	1351.68
1907	1351.957
1908	1351.598
1909	1351.224
1910	1351.338
1911	1351.354
1912	1351.501
1913	1351.338
1914	1350.947
1915	1351.419
1916	1351.517
1917	1351.403
1918	1351.061
1919	1350.816
1920	1350.947
1921	1350.914
1922	1351.321
1923	1351.484
1924	1351.044
1925	1350.947
1926	1351.109
1927	1350.881
1928	1351.321
1929	1351.077
1930	1351.191
1931	1351.028
1932	1350.784
1933	1350.637
1934	1350.539
1935	1350.735
1936	1350.93
1937	1350.425
1938	1350.49
1939	1351.354
1940	1350.963
1941	1351.077
1942	1350.784
1943	1351.044
1944	1350.849
1945	1351.158
1946	1350.881
1947	1350.947
1948	1350.621
1949	1350.49
1950	1350.278
1951	1350.49
1952	1350.898
1953	1350.588
1954	1350.865
1955	1350.767
1956	1350.344
1957	1350.751
1958	1350.376
1959	1350.262
1960	1351.224
1961	1350.963
1962	1350.49
1963	1350.474
1964	1350.262
1965	1350.034
1966	1349.936
1967	1349.692
1968	1350.262
1969	1350.262
1970	1350.409
1971	1350.539
1972	1350.865
1973	1350.898
1974	1349.936
1975	1350.327
1976	1349.985
1977	1349.904
1978	1349.61
1979	1350.213
1980	1349.708
1981	1349.985
1982	1349.512
1983	1349.985
1984	1349.887
1985	1349.464
1986	1349.529
1987	1349.887
1988	1350.067
1989	1349.512
1990	1350.262
1991	1350.327
1992	1349.855
1993	1349.92
1994	1349.594
1995	1349.887
1996	1349.936
1997	1350.344
1998	1349.529
1999	1350.05
2000	1350.001
2001	1349.301
2002	1349.659
2003	1349.773
2004	1349.692
2005	1349.92
2006	1349.675
2007	1349.464
2008	1350.229
2009	1349.675
2010	1349.17
2011	1349.773
2012	1349.855
2013	1349.447
2014	1349.219
2015	1349.186
2016	1349.268
2017	1348.795
2018	1349.333
2019	1349.512
2020	1349.284
2021	1349.333
2022	1349.333
2023	1349.268
2024	1349.235
2025	1349.382
2026	1349.594
2027	1349.643
2028	1349.904
2029	1348.942
2030	1349.431
2031	1349.349
2032	1348.926
2033	1348.632
2034	1349.398
2035	1349.431
2036	1348.942
2037	1349.219
2038	1348.942
2039	1349.349
2040	1348.877
2041	1348.795
2042	1348.535
2043	1349.072
2044	1349.105
2045	1348.812
2046	1349.219
2047	1348.86
2048	1348.16
2049	1348.746
2050	1348.975
2051	1349.007
2052	1349.529
2053	1348.209
2054	1348.86
2055	1348.714
2056	1348.844
2057	1348.209
2058	1348.127
2059	1348.404
2060	1348.372
2061	1348.535
2062	1348.469
2063	1348.681
2064	1348.746
2065	1348.16
2066	1348.958
2067	1348.828
2068	1348.176
2069	1348.486
2070	1348.176
2071	1348.649
2072	1348.241
2073	1347.671
2074	1348.486
2075	1348.258
2076	1348.6
2077	1348.518
2078	1348.665
2079	1348.437
2080	1347.752
2081	1348.355
2082	1348.779
2083	1348.486
2084	1348.127
2085	1348.046
2086	1348.372
2087	1347.964
2088	1348.029
2089	1348.062
2090	1347.866
2091	1347.752
2092	1348.339
2093	1347.801
2094	1347.606
2095	1348.078
2096	1347.703
2097	1347.85
2098	1347.769
2099	1347.655
2100	1347.394
2101	1347.703
2102	1348.388
2103	1347.541
2104	1348.078
2105	1348.241
2106	1348.029
2107	1347.769
2108	1347.736
2109	1347.508
2110	1347.785
2111	1347.329
2112	1347.703
2113	1347.785
2114	1347.818
2115	1347.459
2116	1347.655
2117	1347.736
2118	1346.84
2119	1347.1
2120	1347.1
2121	1347.149
2122	1347.475
2123	1347.182
2124	1347.068
2125	1346.905
2126	1347.557
2127	1347.035
2128	1347.769
2129	1347.328
2130	1346.823
2131	1346.742
2132	1347.035
2133	1347.068
2134	1347.133
2135	1347.475
2136	1347.133
2137	1346.856
2138	1346.774
2139	1346.807
2140	1347.1
2141	1347.182
2142	1347.166
2143	1346.791
2144	1346.872
2145	1346.986
2146	1346.709
2147	1346.84
2148	1347.215
2149	1347.361
2150	1346.954
2151	1346.758
2152	1346.628
2153	1346.905
2154	1346.823
2155	1347.198
2156	1347.035
2157	1346.774
2158	1346.889
2159	1346.611
2160	1346.709
2161	1346.954
2162	1347.052
2163	1346.889
2164	1346.807
2165	1347.003
2166	1346.611
2167	1346.302
2168	1345.878
2169	1346.481
2170	1346.856
2171	1345.894
2172	1346.351
2173	1346.514
2174	1346.09
2175	1346.579
2176	1346.416
2177	1346.611
2178	1346.432
2179	1345.878
2180	1346.155
2181	1346.057
2182	1346.057
2183	1346.432
2184	1346.09
2185	1346.497
2186	1346.286
2187	1346.074
2188	1346.025
2189	1345.292
2190	1346.237
2191	1346.188
2192	1346.123
2193	1345.927
2194	1345.846
2195	1345.634
2196	1345.992
2197	1346.172
2198	1345.161
2199	1345.764
2200	1345.894
2201	1346.416
2202	1345.96
2203	1345.927
2204	1345.764
2205	1345.406
2206	1345.943
2207	1345.487
2208	1345.699
2209	1345.683
2210	1345.503
2211	1345.943
2212	1345.683
2213	1345.699
2214	1346.204
2215	1345.764
2216	1345.438
2217	1345.96
2218	1345.194
2219	1345.292
2220	1345.357
2221	1346.025
2222	1345.764
2223	1345.683
2224	1345.731
2225	1345.536
2226	1345.161
2227	1345.21
2228	1345.715
2229	1344.737
2230	1345.699
2231	1345.731
2232	1345.145
2233	1345.634
2234	1345.406
2235	1345.08
2236	1344.982
2237	1345.438
2238	1345.552
2239	1345.748
2240	1345.112
2241	1345.21
2242	1345.063
2243	1345.112
2244	1345.862
2245	1345.406
2246	1344.754
2247	1344.428
2248	1344.77
2249	1345.129
2250	1345.243
2251	1345.161
2252	1344.623
2253	1344.607
2254	1344.786
2255	1344.933
2256	1344.526
2257	1345.243
2258	1345.601
2259	1344.786
2260	1345.21
2261	1345.194
2262	1344.737
2263	1344.705
2264	1344.786
2265	1344.428
2266	1344.265
2267	1344.933
2268	1344.167
2269	1344.395
2270	1344.884
2271	1344.444
2272	1344.819
2273	1344.998
2274	1344.754
2275	1344.281
2276	1344.966
2277	1344.509
2278	1343.76
2279	1344.053
2280	1344.46
2281	1344.232
2282	1344.917
2283	1344.477
2284	1343.89
2285	1344.656
2286	1344.949
2287	1344.477
2288	1344.379
2289	1344.069
2290	1343.776
2291	1343.727
2292	1343.971
2293	1344.183
2294	1344.232
2295	1344.102
2296	1344.069
2297	1343.841
2298	1344.004
2299	1344.102
2300	1343.483
2301	1344.509
2302	1344.249
2303	1343.906
2304	1344.249
2305	1343.613
2306	1343.906
2307	1344.069
2308	1344.216
2309	1343.743
2310	1344.2
2311	1343.89
2312	1344.102
2313	1344.069
2314	1343.792
2315	1344.134
2316	1343.988
2317	1344.037
2318	1344.167
2319	1343.825
2320	1343.515
2321	1343.564
2322	1343.922
2323	1343.58
2324	1343.483
2325	1344.151
2326	1344.216
2327	1343.678
2328	1343.613
2329	1343.711
2330	1343.515
2331	1343.238
2332	1343.466
2333	1343.711
2334	1343.515
2335	1343.254
2336	1343.662
2337	1343.808
2338	1343.173
2339	1343.108
2340	1343.417
2341	1343.124
2342	1343.352
2343	1343.483
2344	1342.994
2345	1343.434
2346	1343.417
2347	1343.173
2348	1343.059
2349	1343.059
2350	1342.863
2351	1342.766
2352	1343.287
2353	1342.928
2354	1343.01
2355	1342.994
2356	1342.994
2357	1342.619
2358	1342.847
2359	1343.14
2360	1342.782
2361	1343.108
2362	1342.863
2363	1342.88
2364	1342.423
2365	1342.423
2366	1342.814
2367	1342.505
2368	1342.733
2369	1342.521
2370	1342.733
2371	1342.668
2372	1342.586
2373	1342.977
2374	1342.537
2375	1342.44
2376	1342.798
2377	1342.896
2378	1342.26
2379	1342.668
2380	1342.7
2381	1342.733
2382	1342.619
2383	1342.847
2384	1342.521
2385	1342.374
2386	1342.586
2387	1342.342
2388	1342.651
2389	1342.651
2390	1342.065
2391	1342.586
2392	1342.651
2393	1342.097
2394	1341.951
2395	1342.293
2396	1341.853
2397	1342.391
2398	1342.358
2399	1342.211
2400	1342.179
2401	1342.26
2402	1342.097
2403	1342.505
2404	1342.179
2405	1341.788
2406	1342.358
2407	1342.293
2408	1342.162
2409	1341.722
2410	1342.13
2411	1342.619
2412	1342.211
2413	1341.902
2414	1342.048
2415	1342.488
2416	1342.146
2417	1341.657
2418	1341.755
2419	1342.162
2420	1341.918
2421	1341.837
2422	1341.608
2423	1342.081
2424	1341.543
2425	1341.527
2426	1341.853
2427	1341.951
2428	1342
2429	1341.706
2430	1341.837
2431	1342.309
2432	1341.837
2433	1342.016
2434	1342
2435	1342.081
2436	1341.608
2437	1341.967
2438	1341.918
2439	1342.179
2440	1341.315
2441	1341.543
2442	1341.69
2443	1341.934
2444	1342.114
2445	1341.331
2446	1341.592
2447	1341.185
2448	1341.071
2449	1341.543
2450	1341.918
2451	1341.885
2452	1341.576
2453	1341.462
2454	1341.103
2455	1341.674
2456	1341.445
2457	1341.445
2458	1341.429
2459	1341.543
2460	1341.755
2461	1341.755
2462	1341.625
2463	1341.511
2464	1341.788
2465	1341.136
2466	1340.891
2467	1341.25
2468	1341.266
2469	1340.957
2470	1340.565
2471	1340.94
2472	1340.663
2473	1340.826
2474	1340.745
2475	1340.94
2476	1341.331
2477	1341.201
2478	1340.957
2479	1340.679
2480	1340.631
2481	1341.168
2482	1340.908
2483	1340.957
2484	1341.054
2485	1340.989
2486	1341.282
2487	1340.647
2488	1340.533
2489	1340.484
2490	1341.038
2491	1340.989
2492	1340.826
2493	1340.451
2494	1340.663
2495	1341.185
2496	1341.234
2497	1340.305
2498	1340.484
2499	1340.468
2500	1340.256
2501	1340.647
2502	1340.419
2503	1340.24
2504	1340.565
2505	1341.005
2506	1340.826
2507	1340.745
2508	1340.207
2509	1340.386
2510	1340.859
2511	1340.549
2512	1340.125
2513	1340.044
2514	1340.484
2515	1340.5
2516	1341.168
2517	1340.679
2518	1340.582
2519	1340.321
2520	1340.712
2521	1340.272
2522	1339.995
2523	1339.93
2524	1339.979
2525	1339.865
2526	1340.891
2527	1340.696
2528	1339.897
2529	1339.669
2530	1340.468
2531	1339.93
2532	1340.093
2533	1340.011
2534	1340.272
2535	1340.223
2536	1339.474
2537	1340.093
2538	1340.565
2539	1340.451
2540	1339.973
2541	1339.897
2542	1340.256
2543	1340.516
2544	1340.891
2545	1340.402
2546	1339.718
2547	1339.946
2548	1340.028
2549	1339.832
2550	1339.734
2551	1339.718
2552	1339.751
2553	1339.604
2554	1339.408
2555	1339.441
2556	1339.522
2557	1339.702
2558	1340.207
2559	1340.028
2560	1339.408
2561	1339.359
2562	1339.734
2563	1339.751
2564	1339.213
2565	1339.506
2566	1339.311
2567	1339.262
2568	1339.294
2569	1338.626
2570	1339.294
2571	1339.148
2572	1339.718
2573	1339.506
2574	1339.425
2575	1339.408
2576	1339.099
2577	1339.034
2578	1338.854
2579	1338.952
2580	1339.099
2581	1339.131
2582	1339.099
2583	1338.642
2584	1339.229
2585	1339.62
2586	1339.392
2587	1339.229
2588	1338.887
2589	1339.082
2590	1339.294
2591	1339.131
2592	1338.952
2593	1339.099
2594	1338.642
2595	1338.072
2596	1338.773
2597	1339.115
2598	1338.838
2599	1338.528
2600	1338.789
2601	1338.789
2602	1338.593
2603	1338.773
2604	1338.87
2605	1338.659
2606	1338.74
2607	1338.756
2608	1339.376
2609	1339.245
2610	1339.05
2611	1338.512
2612	1338.512
2613	1338.61
2614	1338.463
2615	1338.903
2616	1338.17
2617	1338.528
2618	1338.007
2619	1338.463
2620	1337.893
2621	1338.104
2622	1338.414
2623	1338.43
2624	1338.267
2625	1338.805
2626	1338.219
2627	1338.267
2628	1338.349
2629	1339.099
2630	1338.822
2631	1338.626
2632	1337.828
2633	1338.267
2634	1338.626
2635	1338.202
2636	1338.153
2637	1337.469
2638	1337.665
2639	1337.632
2640	1337.909
2641	1337.99
2642	1338.724
2643	1338.659
2644	1338.822
2645	1338.072
2646	1338.3
2647	1337.583
2648	1338.104
2649	1337.86
2650	1338.577
2651	1337.99
2652	1338.398
2653	1337.974
2654	1337.322
2655	1338.039
2656	1337.974
2657	1337.811
2658	1337.99
2659	1337.811
2660	1338.039
2661	1337.762
2662	1337.55
2663	1337.339
2664	1337.86
2665	1338.072
2666	1337.713
2667	1337.876
2668	1337.502
2669	1337.55
2670	1337.387
2671	1337.55
2672	1337.844
2673	1337.502
2674	1337.404
2675	1336.964
2676	1337.632
2677	1337.257
2678	1337.567
2679	1337.583
2680	1337.159
2681	1337.355
2682	1336.866
2683	1337.534
2684	1338.121
2685	1337.909
2686	1337.55
2687	1337.224
2688	1337.143
2689	1337.55
2690	1337.616
2691	1337.355
2692	1337.681
2693	1337.469
2694	1337.387
2695	1337.371
2696	1337.224
2697	1336.801
2698	1337.73
2699	1338.007
2700	1337.648
2701	1337.518
2702	1337.176
2703	1337.143
2704	1337.355
2705	1337.632
2706	1337.078
2707	1336.833
2708	1336.785
2709	1336.507
2710	1336.67
2711	1337.339
2712	1336.996
2713	1337.469
2714	1337.143
2715	1337.404
2716	1336.589
2717	1336.801
2718	1336.638
2719	1337.013
2720	1336.801
2721	1336.964
2722	1336.768
2723	1337.176
2724	1337.062
2725	1336.638
2726	1336.882
2727	1336.393
2728	1337.029
2729	1336.948
2730	1336.703
2731	1337.11
2732	1336.801
2733	1336.638
2734	1336.393
2735	1336.573
2736	1336.654
2737	1336.426
2738	1336.687
2739	1336.98
2740	1336.801
2741	1336.817
2742	1336.035
2743	1336.312
2744	1337.11
2745	1337.11
2746	1336.507
2747	1336.214
2748	1336.442
2749	1336.23
2750	1336.426
2751	1336.524
2752	1336.214
2753	1336.23
2754	1336.035
2755	1335.872
2756	1336.182
2757	1336.182
2758	1336.491
2759	1336.866
2760	1336.964
2761	1336.475
2762	1336.556
2763	1336.116
2764	1336.719
2765	1336.263
2766	1335.758
2767	1335.725
2768	1335.953
2769	1336.442
2770	1336.361
2771	1336.084
2772	1336.035
2773	1336.1
2774	1335.888
2775	1335.856
2776	1335.758
2777	1336.002
2778	1335.904
2779	1335.953
2780	1336.116
2781	1335.937
2782	1336.23
2783	1335.921
2784	1336.328
2785	1335.79
2786	1335.399
2787	1335.546
2788	1335.627
2789	1336.149
2790	1335.807
2791	1336.035
2792	1336.019
2793	1336.019
2794	1335.676
2795	1335.921
2796	1335.057
2797	1335.562
2798	1335.66
2799	1335.155
2800	1335.464
2801	1334.861
2802	1335.057
2803	1335.334
2804	1335.904
2805	1335.481
2806	1335.09
2807	1335.399
2808	1335.122
2809	1335.073
2810	1334.878
2811	1335.367
2812	1335.204
2813	1335.253
2814	1335.122
2815	1335.546
2816	1335.334
2817	1335.269
2818	1334.861
2819	1335.008
2820	1334.959
2821	1335.122
2822	1335.09
2823	1334.91
2824	1334.91
2825	1334.764
2826	1334.698
2827	1334.796
2828	1334.487
2829	1335.171
2830	1334.307
2831	1334.373
2832	1334.259
2833	1334.552
2834	1334.78
2835	1335.008
2836	1334.389
2837	1334.503
2838	1334.275
2839	1334.747
2840	1334.438
2841	1334.275
2842	1334.487
2843	1335.139
2844	1335.09
2845	1335.155
2846	1334.78
2847	1334.454
2848	1334.487
2849	1334.796
2850	1334.715
2851	1334.519
2852	1335.073
2853	1334.487
2854	1334.405
2855	1334.177
2856	1334.454
2857	1334.617
2858	1334.617
2859	1334.715
2860	1334.438
2861	1334.259
2862	1334.242
2863	1334.829
2864	1334.829
2865	1334.519
2866	1334.503
2867	1334.226
2868	1333.998
2869	1334.226
2870	1334.079
2871	1334.063
2872	1333.949
2873	1333.802
2874	1333.818
2875	1333.444
2876	1333.558
2877	1334.389
2878	1334.112
2879	1333.933
2880	1334.307
2881	1334.438
2882	1333.753
2883	1334.014
2884	1334.079
2885	1334.128
2886	1334.324
2887	1334.047
2888	1333.916
2889	1334.063
2890	1333.949
2891	1334.079
2892	1333.639
2893	1333.493
2894	1333.623
2895	1333.02
2896	1333.818
2897	1333.704
2898	1333.362
2899	1333.965
2900	1333.9
2901	1333.949
2902	1333.786
2903	1333.998
2904	1334.03
2905	1334.128
2906	1333.77
2907	1334.144
2908	1333.607
2909	1333.444
2910	1333.981
2911	1333.965
2912	1333.101
2913	1333.704
2914	1333.167
2915	1333.802
2916	1333.884
2917	1334.03
2918	1333.639
2919	1333.15
2920	1333.036
2921	1333.362
2922	1333.232
2923	1333.444
2924	1333.183
2925	1333.313
2926	1333.525
2927	1333.069
2928	1333.004
2929	1333.574
2930	1333.281
2931	1332.841
2932	1332.401
2933	1332.727
2934	1333.378
2935	1333.313
2936	1332.857
2937	1332.776
2938	1332.531
2939	1332.857
2940	1332.743
2941	1332.841
2942	1332.987
2943	1332.938
2944	1332.352
2945	1332.303
2946	1332.466
2947	1332.205
2948	1331.977
2949	1332.531
2950	1332.433
2951	1332.515
2952	1333.118
2953	1332.857
2954	1331.944
2955	1332.531
2956	1332.808
2957	1332.727
2958	1332.303
2959	1331.961
2960	1332.107
2961	1332.401
2962	1332.433
2963	1332.368
2964	1332.743
2965	1332.319
2966	1332.221
2967	1333.248
2968	1332.417
2969	1332.303
2970	1332.645
2971	1332.71
2972	1332.124
2973	1332.319
2974	1332.661
2975	1332.205
2976	1332.189
2977	1331.944
2978	1331.863
2979	1332.58
2980	1331.814
2981	1332.433
2982	1332.482
2983	1332.482
2984	1332.27
2985	1331.961
2986	1331.863
2987	1332.156
2988	1332.352
2989	1332.335
2990	1332.254
2991	1331.863
2992	1331.961
2993	1332.58
2994	1331.765
2995	1332.172
2996	1332.319
2997	1332.743
2998	1332.58
2999	1331.896
3000	1332.156
3001	1332.042
3002	1332.661
3003	1331.781
3004	1331.781
3005	1331.863
3006	1332.303
3007	1332.221
3008	1331.977
3009	1332.384
3010	1332.075
3011	1332.303
3012	1331.928
3013	1331.733
3014	1331.879
3015	1331.944
3016	1331.407
3017	1331.325
3018	1331.358
3019	1331.374
3020	1331.504
3021	1331.407
3022	1331.276
3023	1331.015
3024	1331.162
3025	1331.032
3026	1330.934
3027	1331.325
3028	1331.113
3029	1330.966
3030	1330.966
3031	1330.803
3032	1331.13
3033	1330.901
3034	1330.918
3035	1330.966
3036	1331.081
3037	1330.722
3038	1330.918
3039	1331.064
3040	1331.26
3041	1331.504
3042	1331.178
3043	1331.113
3044	1332.026
3045	1331.374
3046	1331.374
3047	1331.178
3048	1331.341
3049	1331.211
3050	1331.358
3051	1331.602
3052	1331.586
3053	1332.189
3054	1331.667
3055	1331.488
3056	1331.618
3057	1331.358
3058	1331.472
3059	1331.211
3060	1331.635
3061	1330.983
3062	1331.195
3063	1331.195
3064	1331.227
3065	1330.934
3066	1330.673
3067	1330.787
3068	1330.706
3069	1330.852
3070	1330.755
3071	1330.999
3072	1331.178
3073	1330.803
3074	1330.95
3075	1331.015
3076	1330.901
3077	1330.82
3078	1330.836
3079	1330.771
3080	1330.592
3081	1330.966
3082	1330.608
3083	1330.445
3084	1330.608
3085	1330.298
3086	1330.478
3087	1330.755
3088	1330.575
3089	1330.135
3090	1330.347
3091	1330.38
3092	1331.064
3093	1330.803
3094	1330.983
3095	1330.787
3096	1331.162
3097	1330.641
3098	1330.168
3099	1330.722
3100	1330.233
3101	1330.331
3102	1330.201
3103	1330.331
3104	1330.673
3105	1330.364
3106	1330.592
3107	1330.412
3108	1330.755
3109	1330.445
3110	1330.266
3111	1330.038
3112	1330.005
3113	1330.217
3114	1330.201
3115	1330.396
3116	1330.592
3117	1330.803
3118	1330.445
3119	1329.891
3120	1330.152
3121	1329.467
3122	1329.695
3123	1330.38
3124	1330.054
3125	1330.201
3126	1329.646
3127	1330.135
3128	1330.429
3129	1330.152
3130	1330.347
3131	1329.923
3132	1330.559
3133	1330.641
3134	1330.429
3135	1329.907
3136	1329.94
3137	1329.826
3138	1329.337
3139	1329.484
3140	1329.826
3141	1329.206
3142	1329.076
3143	1329.239
3144	1329.321
3145	1330.038
3146	1329.809
3147	1329.923
3148	1329.826
3149	1329.875
3150	1329.744
3151	1329.663
3152	1330.038
3153	1329.516
3154	1329.63
3155	1329.94
3156	1329.532
3157	1329.239
3158	1329.484
3159	1330.119
3160	1329.76
3161	1329.809
3162	1329.5
3163	1329.092
3164	1329.239
3165	1329.206
3166	1328.962
3167	1329.206
3168	1329.435
3169	1329.288
3170	1329.027
3171	1329.337
3172	1328.848
3173	1328.978
3174	1328.815
3175	1329.272
3176	1329.695
3177	1329.451
3178	1329.451
3179	1328.88
3180	1329.158
3181	1329.402
3182	1329.125
3183	1329.418
3184	1328.995
3185	1329.532
3186	1329.337
3187	1329.076
3188	1328.636
3189	1328.571
3190	1328.685
3191	1328.718
3192	1328.685
3193	1328.815
3194	1329.174
3195	1328.718
3196	1328.783
3197	1329.043
3198	1329.109
3199	1328.897
3200	1329.369
3201	1328.864
3202	1328.734
3203	1328.538
3204	1328.587
3205	1329.304
3206	1329.011
3207	1328.978
3208	1328.864
3209	1329.011
3210	1328.995
3211	1328.408
3212	1328.131
3213	1328.473
3214	1328.163
3215	1327.723
3216	1329.109
3217	1329.076
3218	1328.799
3219	1328.815
3220	1328.489
3221	1328.522
3222	1328.929
3223	1328.652
3224	1328.489
3225	1328.897
3226	1328.131
3227	1328.326
3228	1327.952
3229	1328.082
3230	1328.375
3231	1328.18
3232	1327.984
3233	1328.489
3234	1328.392
3235	1328.343
3236	1328.424
3237	1328.457
3238	1328
3239	1327.544
3240	1328.18
3241	1327.984
3242	1328.229
3243	1328.571
3244	1328
3245	1327.87
3246	1327.805
3247	1327.365
3248	1327.984
3249	1328.489
3250	1327.919
3251	1327.886
3252	1327.43
3253	1327.56
3254	1327.251
3255	1327.658
3256	1327.691
3257	1328
3258	1328.131
3259	1328.359
3260	1327.772
3261	1327.332
3262	1327.577
3263	1327.463
3264	1327.283
3265	1328.033
3266	1327.838
3267	1327.74
3268	1327.283
3269	1327.365
3270	1327.935
3271	1327.381
3272	1327.707
3273	1327.854
3274	1327.626
3275	1328.115
3276	1327.854
3277	1327.723
3278	1327.446
3279	1327.332
3280	1327.56
3281	1327.838
3282	1327.479
3283	1327.772
3284	1327.267
3285	1326.615
3286	1326.746
3287	1327.349
3288	1327.137
3289	1327.186
3290	1327.919
3291	1327.691
3292	1327.544
3293	1326.925
3294	1326.99
3295	1327.12
3296	1327.43
3297	1327.642
3298	1327.43
3299	1327.593
3300	1327.707
3301	1327.349
3302	1326.469
3303	1327.088
3304	1327.218
3305	1327.349
3306	1327.658
3307	1326.958
3308	1327.186
3309	1326.958
3310	1327.234
3311	1327.365
3312	1327.397
3313	1326.778
3314	1326.958
3315	1327.234
3316	1327.495
3317	1327.202
3318	1326.746
3319	1327.283
3320	1327.397
3321	1327.707
3322	1326.99
3323	1326.909
3324	1326.99
3325	1326.42
3326	1326.827
3327	1326.599
3328	1327.137
3329	1326.827
3330	1326.876
3331	1325.98
3332	1326.273
3333	1326.566
3334	1326.566
3335	1326.958
3336	1326.746
3337	1326.436
3338	1326.55
3339	1326.909
3340	1326.876
3341	1327.023
3342	1326.501
3343	1326.403
3344	1326.55
3345	1326.958
3346	1327.039
3347	1326.99
3348	1327.072
3349	1326.583
3350	1326.42
3351	1326.583
3352	1325.947
3353	1326.078
3354	1325.947
3355	1325.784
3356	1326.371
3357	1326.746
3358	1326.501
3359	1326.094
3360	1326.208
3361	1326.306
3362	1325.98
3363	1326.208
3364	1326.713
3365	1325.866
3366	1325.866
3367	1325.866
3368	1325.996
3369	1326.436
3370	1326.143
3371	1326.566
3372	1326.11
3373	1325.898
3374	1326.045
3375	1325.866
3376	1325.768
3377	1326.045
3378	1326.387
3379	1325.393
3380	1325.572
3381	1325.507
3382	1325.915
3383	1326.322
3384	1326.11
3385	1325.931
3386	1325.98
3387	1325.735
3388	1325.181
3389	1325.817
3390	1325.589
3391	1325.719
3392	1325.768
3393	1325.54
3394	1325.328
3395	1325.849
3396	1326.078
3397	1325.393
3398	1325.654
3399	1325.817
3400	1325.507
3401	1325.312
3402	1325.817
3403	1325.23
3404	1325.377
3405	1325.279
3406	1326.029
3407	1325.621
3408	1325.784
3409	1325.23
3410	1324.676
3411	1325.295
3412	1325.132
3413	1325.116
3414	1325.589
3415	1325.295
3416	1325.377
3417	1325.523
3418	1325.393
3419	1325.018
3420	1325.067
3421	1324.937
3422	1324.774
3423	1325.605
3424	1325.295
3425	1324.757
3426	1325.523
3427	1325.181
3428	1325.295
3429	1325.295
3430	1325.165
3431	1324.676
3432	1325.474
3433	1325.589
3434	1325.067
3435	1325.116
3436	1324.562
3437	1325.23
3438	1325.589
3439	1325.8
3440	1325.051
3441	1325.458
3442	1324.969
3443	1325.458
3444	1325.165
3445	1325.149
3446	1324.904
3447	1324.937
3448	1325.377
3449	1325.034
3450	1325.034
3451	1325.132
3452	1324.823
3453	1324.692
3454	1324.969
3455	1325.426
3456	1324.725
3457	1324.643
3458	1324.529
3459	1324.187
3460	1324.317
3461	1324.317
3462	1324.415
3463	1324.578
3464	1324.089
3465	1324.562
3466	1324.562
3467	1324.122
3468	1324.708
3469	1324.66
3470	1324.432
3471	1324.676
3472	1324.562
3473	1323.91
3474	1324.301
3475	1324.888
3476	1324.415
3477	1324.203
3478	1324.464
3479	1325.1
3480	1324.708
3481	1324.79
3482	1324.578
3483	1324.48
3484	1323.926
3485	1323.943
3486	1323.796
3487	1323.828
3488	1324.122
3489	1324.301
3490	1324.301
3491	1323.975
3492	1324.138
3493	1324.383
3494	1324.171
3495	1324.073
3496	1324.04
3497	1324.562
3498	1324.366
3499	1324.089
3500	1323.812
3501	1324.089
3502	1324.236
3503	1324.024
3504	1324.546
3505	1324.252
3506	1324.301
3507	1324.008
3508	1323.372
3509	1324.464
3510	1324.399
3511	1323.959
3512	1323.877
3513	1324.171
3514	1324.383
3515	1324.448
3516	1324.448
3517	1324.154
3518	1324.301
3519	1323.812
3520	1323.682
3521	1324.122
3522	1324.171
3523	1323.649
3524	1323.828
3525	1324.252
3526	1324.057
3527	1323.535
3528	1323.34
3529	1323.242
3530	1324.301
3531	1324.334
3532	1324.236
3533	1323.877
3534	1324.236
3535	1324.057
3536	1323.356
3537	1323.6
3538	1323.861
3539	1324.024
3540	1322.916
3541	1323.519
3542	1322.981
3543	1323.568
3544	1323.356
3545	1323.014
3546	1324.073
3547	1323.34
3548	1323.405
3549	1323.486
3550	1323.421
3551	1323.91
3552	1323.258
3553	1323.894
3554	1323.519
3555	1323.258
3556	1323.731
3557	1322.9
3558	1323.144
3559	1323.78
3560	1323.323
3561	1323.421
3562	1323.226
3563	1323.014
3564	1323.682
3565	1323.698
3566	1323.568
3567	1322.737
3568	1323.193
3569	1322.785
3570	1323.144
3571	1323.014
3572	1323.209
3573	1322.688
3574	1323.063
3575	1323.291
3576	1322.981
3577	1322.443
3578	1322.818
3579	1322.834
3580	1323.144
3581	1322.769
3582	1322.541
3583	1322.834
3584	1323.209
3585	1322.867
3586	1323.177
3587	1323.323
3588	1323.144
3589	1323.258
3590	1323.144
3591	1322.9
3592	1323.258
3593	1323.389
3594	1322.851
3595	1323.128
3596	1322.704
3597	1322.834
3598	NaN
3599	2742.798
3600	NaN
3601	1322.737
3602	NaN
3603	NaN
3604	NaN
3605	NaN
3606	NaN
3607	2032.955
3608	1322.753
3609	1323.258
3610	1323.046
3611	1322.997
3612	1322.753
3613	1322.769
3614	1322.508
3615	1323.111
3616	1322.72
3617	1322.72
3618	1322.785
3619	1323.095
3620	1323.03
3621	1322.753
3622	1322.785
3623	1322.476
3624	1322.085
3625	1322.215
3626	1322.297
3627	1322.883
3628	1322.215
3629	1322.085
3630	1321.677
3631	1321.645
3632	1321.954
3633	1322.101
3634	1322.231
3635	1322.557
3636	1322.378
3637	1322.28
3638	1322.02
3639	1322.085
3640	1322.769
3641	1322.916
3642	1322.981
3643	1321.922
3644	1321.922
3645	1321.971
3646	1322.378
3647	1322.182
3648	1321.645
3649	1322.264
3650	1322.476
3651	1321.791
3652	1321.71
3653	1321.775
3654	1322.345
3655	1321.971
3656	1321.335
3657	1321.514
3658	1322.02
3659	1322.085
3660	1321.954
3661	1321.4
3662	1321.889
3663	1322.215
3664	1321.286
3665	1321.596
3666	1322.068
3667	1322.525
3668	1321.531
3669	1321.971
3670	1321.612
3671	1322.28
3672	1321.954
3673	1321.808
3674	1321.368
3675	1322.313
3676	1322.231
3677	1321.417
3678	1321.857
3679	1322.15
3680	1321.742
3681	1321.449
3682	1321.205
3683	1321.417
3684	1321.465
3685	1321.482
3686	1321.156
3687	1322.003
3688	1321.84
3689	1321.808
3690	1321.857
3691	1321.612
3692	1321.759
3693	1321.71
3694	1321.286
3695	1321.482
3696	1321.335
3697	1321.319
3698	1321.449
3699	1321.579
3700	1321.368
3701	1321.482
3702	1321.661
3703	1321.889
3704	1321.335
3705	1320.862
3706	1321.025
3707	1321.14
3708	1320.895
	
	
	
	
	
	
	
	
	
	
