0	1344.922
1	1342.546
2	1342.409
3	1342.531
4	1342.104
5	1342.348
6	1342.013
7	1341.571
8	1341.754
9	1341.8
10	1341.556
11	1341.297
12	1341.206
13	1341.115
14	1341.038
15	1340.688
16	1340.186
17	1340.581
18	1340.399
19	1339.896
20	1340.048
21	1340.231
22	1339.972
23	1339.881
24	1340.581
25	1339.744
26	1339.455
27	1339.15
28	1339.592
29	1338.937
30	1338.83
31	1338.937
32	1338.708
33	1338.845
34	1338.861
35	1339.089
36	1338.556
37	1338.297
38	1338.221
39	1337.673
40	1338.023
41	1337.825
42	1337.505
43	1337.81
44	1337.185
45	1337.155
46	1337.261
47	1337.353
48	1336.911
49	1337.048
50	1336.439
51	1336.942
52	1336.165
53	1335.845
54	1336.058
55	1335.86
56	1335.8
57	1335.906
58	1336.196
59	1335.541
60	1335.769
61	1335.526
62	1335.388
63	1335.13
64	1335.221
65	1335.373
66	1334.459
67	1335.145
68	1335.008
69	1334.855
70	1334.52
71	1334.566
72	1334.033
73	1334.642
74	1334.201
75	1333.881
76	1334.338
77	1334.14
78	1334.216
79	1333.942
80	1333.637
81	1332.967
82	1333.713
83	1333.363
84	1333.256
85	1332.845
86	1332.632
87	1332.297
88	1332.937
89	1332.906
90	1332.175
91	1332.465
92	1332.373
93	1332.175
94	1331.612
95	1332.114
96	1332.038
97	1331.581
98	1331.84
99	1331.749
100	1331.673
101	1331.81
102	1330.987
103	1331.429
104	1331.444
105	1331.17
106	1330.698
107	1331.14
108	1330.546
109	1330.79
110	1330.79
111	1330.5
112	1330.256
113	1329.769
114	1329.937
115	1329.876
116	1330.15
117	1329.708
118	1329.266
119	1329.708
120	1329.525
121	1329.571
122	1329.206
123	1329.845
124	1328.779
125	1329.602
126	1329.297
127	1329.419
128	1328.886
129	1329.069
130	1328.932
131	1329.008
132	1328.825
133	1328.185
134	1328.916
135	1328.505
136	1328.277
137	1328.079
138	1327.698
139	1328.277
140	1327.637
141	1327.881
142	1327.667
143	1327.622
144	1327.454
145	1326.906
146	1327.211
147	1327.515
148	1326.784
149	1327.134
150	1326.952
151	1326.799
152	1326.541
153	1326.343
154	1326.541
155	1326.16
156	1326.617
157	1326.388
158	1325.962
159	1325.87
160	1326.084
161	1326.084
162	1325.81
163	1326.327
164	1326.434
165	1325.84
166	1326.068
167	1325.292
168	1325.2
169	1324.881
170	1324.744
171	1325.018
172	1325.292
173	1324.972
174	1324.576
175	1324.637
176	1324.485
177	1324.119
178	1324.591
179	1324.302
180	1324.073
181	1324.195
182	1323.83
183	1323.693
184	1324.287
185	1323.815
186	1323.48
187	1323.693
188	1323.525
189	1323.754
190	1323.754
191	1323.799
192	1323.175
193	1323.571
194	1323.023
195	1323.19
196	1323.525
197	1323.251
198	1322.87
199	1322.947
200	1322.931
201	1322.916
202	1322.52
203	1322.733
204	1322.216
205	1322.794
206	1322.87
207	1322.368
208	1322.079
209	1322.353
210	1321.911
211	1321.911
212	1322.475
213	1322.048
214	1321.744
215	1321.667
216	1321.607
217	1321.53
218	1321.439
219	1321.576
220	1321.058
221	1321.378
222	1321.089
223	1320.845
224	1321.591
225	1321.089
226	1320.921
227	1320.876
228	1321.104
229	1320.297
230	1320.601
231	1320.495
232	1319.855
233	1319.947
234	1319.855
235	1319.566
236	1319.733
237	1320.342
238	1319.992
239	1319.627
240	1319.809
241	1319.642
242	1319.611
243	1319.581
244	1319.322
245	1319.383
246	1319.566
247	1319.809
248	1319.292
249	1319.2
250	1319.246
251	1318.561
252	1318.454
253	1319.139
254	1318.804
255	1318.744
256	1319.033
257	1318.393
258	1318.028
259	1317.997
260	1318.683
261	1318.226
262	1317.921
263	1317.921
264	1318.028
265	1318.028
266	1318.073
267	1317.708
268	1317.358
269	1317.769
270	1317.769
271	1317.495
272	1317.556
273	1317.708
274	1317.632
275	1317.373
276	1316.931
277	1317.129
278	1317.418
279	1317.403
280	1316.962
281	1316.977
282	1317.083
283	1316.992
284	1316.368
285	1316.52
286	1317.418
287	1316.505
288	1316.49
289	1317.129
290	1316.474
291	1316.276
292	1316.413
293	1316.733
294	1316.078
295	1316.139
296	1315.728
297	1315.911
298	1316.185
299	1315.606
300	1315.835
301	1315.667
302	1315.195
303	1315.454
304	1315.469
305	1314.997
306	1315.043
307	1315.317
308	1314.906
309	1314.51
310	1315.043
311	1315.134
312	1315.028
313	1314.936
314	1314.556
315	1314.754
316	1314.921
317	1314.19
318	1314.297
319	1314.769
320	1314.434
321	1314.144
322	1314.129
323	1314.266
324	1314.236
325	1314.342
326	1314.007
327	1313.825
328	1313.459
329	1313.581
330	1314.053
331	1314.19
332	1313.368
333	1313.002
334	1313.185
335	1313.155
336	1313.002
337	1312.637
338	1312.926
339	1312.804
340	1313.657
341	1312.835
342	1312.941
343	1312.561
344	1313.124
345	1312.941
346	1312.743
347	1312.484
348	1312.911
349	1312.713
350	1312.454
351	1312.073
352	1312.165
353	1312.012
354	1312.18
355	1312.089
356	1312.119
357	1311.647
358	1311.434
359	1311.83
360	1311.662
361	1312.378
362	1312.104
363	1312.195
364	1311.83
365	1311.754
366	1311.814
367	1311.221
368	1311.616
369	1311.814
370	1311.464
371	1311.936
372	1311.662
373	1311.221
374	1311.419
375	1311.236
376	1311.099
377	1310.931
378	1310.703
379	1310.809
380	1310.49
381	1310.931
382	1310.748
383	1310.749
384	1310.779
385	1310.718
386	1310.352
387	1310.322
388	1310.002
389	1309.88
390	1310.307
391	1310.078
392	1310.55
393	1310.368
394	1310.139
395	1309.819
396	1309.728
397	1309.302
398	1309.439
399	1309.606
400	1309.698
401	1310.246
402	1309.667
403	1309.682
404	1309.743
405	1309.195
406	1309.165
407	1309.089
408	1309.089
409	1309.515
410	1309.225
411	1309.089
412	1309.576
413	1308.647
414	1308.693
415	1308.571
416	1308.418
417	1308.784
418	1308.632
419	1308.449
420	1308.784
421	1308.54
422	1308.266
423	1307.87
424	1308.022
425	1308.083
426	1308.205
427	1308.51
428	1308.053
429	1308.068
430	1308.19
431	1308.083
432	1308.007
433	1307.946
434	1307.977
435	1307.885
436	1307.977
437	1307.977
438	1307.535
439	1307.718
440	1307.565
441	1307.779
442	1307.444
443	1306.956
444	1307.276
445	1307.352
446	1307.642
447	1307.048
448	1307.291
449	1306.865
450	1306.667
451	1306.956
452	1306.804
453	1306.834
454	1306.804
455	1306.484
456	1306.454
457	1306.454
458	1306.637
459	1306.347
460	1306.652
461	1306.576
462	1306.56
463	1306.21
464	1306.621
465	1306.317
466	1305.997
467	1306.408
468	1306.027
469	1305.936
470	1305.829
471	1305.845
472	1305.433
473	1305.418
474	1305.829
475	1305.708
476	1305.053
477	1304.931
478	1305.068
479	1305.464
480	1305.099
481	1304.855
482	1304.916
483	1304.687
484	1304.581
485	1304.626
486	1305.388
487	1304.794
488	1305.159
489	1305.129
490	1305.22
491	1305.251
492	1305.464
493	1304.763
494	1305.022
495	1304.322
496	1304.383
497	1304.626
498	1304.063
499	1304.398
500	1304.52
501	1304.17
502	1303.941
503	1303.713
504	1303.758
505	1303.713
506	1304.109
507	1303.926
508	1303.896
509	1303.743
510	1303.865
511	1303.621
512	1304.185
513	1303.896
514	1303.606
515	1303.104
516	1303.896
517	1303.911
518	1303.378
519	1303.378
520	1303.652
521	1302.982
522	1302.814
523	1303.225
524	1303.469
525	1302.982
526	1302.875
527	1302.555
528	1302.829
529	1302.525
530	1302.662
531	1302.662
532	1302.464
533	1303.043
534	1302.692
535	1302.753
536	1302.388
537	1302.464
538	1302.19
539	1301.931
540	1301.87
541	1301.672
542	1301.901
543	1301.764
544	1302.053
545	1302.205
546	1301.657
547	1301.84
548	1302.205
549	1301.626
550	1301.642
551	1301.718
552	1301.489
553	1301.002
554	1301.459
555	1301.139
556	1301.672
557	1301.428
558	1300.515
559	1300.926
560	1300.819
561	1300.926
562	1301.048
563	1300.804
564	1300.85
565	1301.078
566	1301.078
567	1301.017
568	1301.129
569	1301.2
570	1300.743
571	1300.972
572	1300.621
573	1300.652
574	1300.956
575	1300.911
576	1301.033
577	1300.743
578	1300.636
579	1299.89
580	1300.393
581	1300.743
582	1300.256
583	1299.997
584	1300.088
585	1299.89
586	1299.966
587	1299.966
588	1300.058
589	1300.21
590	1300.012
591	1300.043
592	1300.104
593	1299.86
594	1299.768
595	1299.875
596	1299.936
597	1299.708
598	1299.464
599	1299.114
600	1299.373
601	1299.388
602	1299.89
603	1298.87
604	1299.662
605	1299.464
606	1299.616
607	1299.159
608	1299.175
609	1299.845
610	1299.235
611	1298.657
612	1298.672
613	1298.733
614	1298.459
615	1298.961
616	1298.322
617	1298.748
618	1298.581
619	1298.398
620	1298.093
621	1298.642
622	1298.672
623	1298.215
624	1298.55
625	1298.565
626	1299.053
627	1298.291
628	1297.88
629	1298.017
630	1298.002
631	1298.093
632	1298.002
633	1298.002
634	1298.367
635	1298.032
636	1297.849
637	1298.002
638	1298.047
639	1297.575
640	1297.728
641	1297.728
642	1297.53
643	1297.956
644	1297.971
645	1297.956
646	1297.545
647	1296.86
648	1297.164
649	1297.575
650	1297.073
651	1296.464
652	1296.784
653	1297.362
654	1297.515
655	1297.591
656	1297.21
657	1297.393
658	1296.784
659	1296.646
660	1296.525
661	1296.738
662	1296.89
663	1296.875
664	1296.22
665	1296.57
666	1296.707
667	1296.372
668	1296.403
669	1296.509
670	1296.342
671	1296.631
672	1296.357
673	1296.235
674	1296.646
675	1297.042
676	1296.327
677	1296.22
678	1295.52
679	1296.053
680	1295.824
681	1296.281
682	1296.053
683	1296.083
684	1296.098
685	1295.626
686	1295.885
687	1295.611
688	1295.9
689	1295.733
690	1296.068
691	1295.702
692	1295.702
693	1295.352
694	1295.581
695	1295.931
696	1295.809
697	1295.778
698	1295.504
699	1295.245
700	1295.078
701	1294.743
702	1295.367
703	1295.885
704	1295.626
705	1295.169
706	1295.443
707	1295.002
708	1295.626
709	1295.169
710	1295.398
711	1295.2
712	1294.895
713	1294.393
714	1294.789
715	1294.575
716	1294.804
717	1294.454
718	1294.438
719	1294.469
720	1294.895
721	1294.926
722	1294.575
723	1294.575
724	1294.347
725	1294.56
726	1294.591
727	1294.773
728	1294.195
729	1294.164
730	1294.438
731	1294.362
732	1294.21
733	1293.738
734	1293.982
735	1293.86
736	1294.408
737	1293.875
738	1293.449
739	1293.662
740	1293.646
741	1294.088
742	1293.799
743	1293.662
744	1294.347
745	1294.271
746	1293.449
747	1293.525
748	1293.586
749	1293.601
750	1294.088
751	1293.251
752	1292.992
753	1293.022
754	1293.281
755	1293.266
756	1293.22
757	1293.235
758	1293.768
759	1293.266
760	1292.52
761	1292.809
762	1292.626
763	1292.672
764	1293.114
765	1292.306
766	1292.504
767	1292.626
768	1292.489
769	1292.702
770	1292.245
771	1292.078
772	1292.489
773	1292.885
774	1292.535
775	1292.276
776	1291.682
777	1292.702
778	1292.383
779	1292.87
780	1292.428
781	1292.139
782	1291.85
783	1292.2
784	1292.763
785	1292.063
786	1291.743
787	1291.438
788	1291.941
789	1291.728
790	1291.789
791	1292.093
792	1291.454
793	1290.921
794	1291.469
795	1291.438
796	1291.636
797	1290.905
798	1291.423
799	1291.85
800	1291.606
801	1291.378
802	1290.844
803	1291.499
804	1291.438
805	1290.814
806	1291.088
807	1291.378
808	1290.951
809	1291.149
810	1290.936
811	1290.814
812	1290.875
813	1290.783
814	1291.027
815	1290.997
816	1290.89
817	1290.738
818	1290.799
819	1290.281
820	1290.19
821	1290.875
822	1290.844
823	1290.296
824	1290.829
825	1290.753
826	1290.388
827	1290.19
828	1290.54
829	1290.692
830	1290.19
831	1290.403
832	1289.733
833	1289.976
834	1289.657
835	1290.068
836	1290.174
837	1289.9
838	1289.946
839	1289.976
840	1290.205
841	1289.778
842	1289.976
843	1289.87
844	1289.718
845	1290.068
846	1289.946
847	1289.748
848	1289.504
849	1289.667
850	1289.748
851	1289.306
852	1289.245
853	1289.428
854	1289.596
855	1289.702
856	1289.672
857	1289.733
858	1289.367
859	1289.215
860	1289.702
861	1289.093
862	1289.352
863	1289.55
864	1289.184
865	1289.124
866	1289.108
867	1288.895
868	1288.773
869	1288.758
870	1288.332
871	1288.575
872	1288.987
873	1289.139
874	1288.91
875	1288.743
876	1289.184
877	1288.819
878	1288.895
879	1288.667
880	1288.773
881	1288.545
882	1288.773
883	1288.53
884	1288.591
885	1288.027
886	1288.073
887	1288.042
888	1287.844
889	1288.377
890	1288.332
891	1287.936
892	1288.012
893	1288.21
894	1287.54
895	1287.981
896	1288.256
897	1288.042
898	1288.286
899	1288.347
900	1287.92
901	1287.555
902	1287.844
903	1288.134
904	1287.631
905	1288.21
906	1287.814
907	1287.129
908	1287.174
909	1287.174
910	1287.418
911	1287.159
912	1287.007
913	1287.661
914	1287.372
915	1286.854
916	1287.296
917	1287.25
918	1286.885
919	1286.915
920	1286.778
921	1286.55
922	1287.281
923	1286.885
924	1287.327
925	1287.159
926	1287.205
927	1287.311
928	1286.809
929	1286.824
930	1286.733
931	1286.489
932	1286.687
933	1286.778
934	1286.428
935	1286.717
936	1286.596
937	1286.276
938	1286.946
939	1286.702
940	1286.23
941	1286.474
942	1286.596
943	1286.656
944	1286.215
945	1286.2
946	1286.23
947	1286.306
948	1286.458
949	1285.849
950	1286.352
951	1286.611
952	1285.971
953	1286.367
954	1286.123
955	1286.002
956	1286.291
957	1286.291
958	1286.002
959	1285.986
960	1285.773
961	1285.316
962	1285.164
963	1285.651
964	1285.469
965	1285.195
966	1285.271
967	1285.027
968	1284.981
969	1284.966
970	1285.042
971	1285.408
972	1284.89
973	1285.195
974	1284.616
975	1284.936
976	1285.118
977	1285.164
978	1285.332
979	1285.255
980	1284.936
981	1284.707
982	1284.936
983	1284.799
984	1285.027
985	1284.981
986	1284.372
987	1284.936
988	1284.433
989	1284.814
990	1284.601
991	1284.57
992	1284.936
993	1284.387
994	1284.357
995	1284.661
996	1284.692
997	1284.189
998	1284.57
999	1284.357
1000	1284.448
1001	1284.007
1002	1284.022
1003	1284.25
1004	1284.266
1005	1284.464
1006	1284.266
1007	1284.129
1008	1284.342
1009	1284.007
1010	1283.794
1011	1283.931
1012	1284.022
1013	1284.113
1014	1283.824
1015	1283.915
1016	1283.9
1017	1283.763
1018	1283.748
1019	1283.413
1020	1283.641
1021	1283.215
1022	1283.474
1023	1283.596
1024	1283.931
1025	1283.778
1026	1283.58
1027	1283.428
1028	1283.367
1029	1283.748
1030	1283.702
1031	1283.519
1032	1283.002
1033	1283.078
1034	1282.986
1035	1283.428
1036	1283.184
1037	1283.58
1038	1283.352
1039	1282.971
1040	1283.519
1041	1282.469
1042	1282.682
1043	1283.047
1044	1283.398
1045	1283.2
1046	1282.758
1047	1282.773
1048	1282.59
1049	1282.499
1050	1282.499
1051	1282.59
1052	1282.469
1053	1281.92
1054	1282.332
1055	1282.042
1056	1282.134
1057	1282.347
1058	1282.408
1059	1282.012
1060	1282.164
1061	1282.393
1062	1282.332
1063	1281.723
1064	1281.525
1065	1282.225
1066	1281.783
1067	1282.012
1068	1282.012
1069	1281.981
1070	1281.54
1071	1281.509
1072	1281.997
1073	1282.057
1074	1281.783
1075	1282.088
1076	1281.525
1077	1282.027
1078	1281.357
1079	1281.783
1080	1281.525
1081	1282.027
1082	1281.662
1083	1281.403
1084	1281.448
1085	1281.585
1086	1281.479
1087	1281.646
1088	1281.54
1089	1281.616
1090	1281.22
1091	1281.387
1092	1281.494
1093	1281.266
1094	1281.083
1095	1280.992
1096	1281.372
1097	1281.113
1098	1281.342
1099	1281.235
1100	1281.174
1101	1280.55
1102	1280.656
1103	1280.824
1104	1280.58
1105	1280.428
1106	1279.941
1107	1280.55
1108	1280.656
1109	1280.626
1110	1280.458
1111	1280.702
1112	1280.595
1113	1280.595
1114	1280.443
1115	1280.839
1116	1280.611
1117	1280.489
1118	1280.519
1119	1280.595
1120	1280.215
1121	1280.352
1122	1279.743
1123	1280.199
1124	1280.139
1125	1280.291
1126	1280.002
1127	1279.819
1128	1279.727
1129	1279.545
1130	1279.651
1131	1279.667
1132	1279.545
1133	1279.834
1134	1280.139
1135	1279.392
1136	1279.636
1137	1279.179
1138	1279.651
1139	1279.849
1140	1279.56
1141	1279.667
1142	1279.392
1143	1279.788
1144	1279.316
1145	1279.057
1146	1279.179
1147	1279.286
1148	1279.286
1149	1279.332
1150	1279.682
1151	1279.575
1152	1279.316
1153	1278.859
1154	1279.712
1155	1279.332
1156	1279.118
1157	1278.966
1158	1279.088
1159	1279.286
1160	1278.829
1161	1278.996
1162	1278.677
1163	1278.829
1164	1278.829
1165	1278.585
1166	1278.738
1167	1278.418
1168	1278.753
1169	1278.585
1170	1278.722
1171	1278.92
1172	1278.205
1173	1278.646
1174	1278.54
1175	1278.387
1176	1278.433
1177	1278.54
1178	1278.159
1179	1278.205
1180	1278.372
1181	1278.753
1182	1278.296
1183	1278.707
1184	1278.601
1185	1278.54
1186	1278.342
1187	1278.159
1188	1278.159
1189	1278.068
1190	1277.687
1191	1278.052
1192	1278.007
1193	1278.022
1194	1278.022
1195	1277.991
1196	1277.915
1197	1277.915
1198	1277.672
1199	1277.931
1200	1277.626
1201	1277.504
1202	1277.687
1203	1277.276
1204	1277.321
1205	1277.199
1206	1277.321
1207	1277.489
1208	1277.123
1209	1277.778
1210	1276.986
1211	1277.489
1212	1277.595
1213	1277.108
1214	1277.58
1215	1277.047
1216	1277.489
1217	1277.656
1218	1277.291
1219	1277.078
1220	1277.337
1221	1277.154
1222	1277.108
1223	1277.321
1224	1277.474
1225	1276.986
1226	1276.651
1227	1277.017
1228	1276.606
1229	1276.621
1230	1276.286
1231	1276.392
1232	1276.529
1233	1276.727
1234	1276.012
1235	1276.636
1236	1276.438
1237	1276.895
1238	1277.169
1239	1276.316
1240	1276.469
1241	1276.697
1242	1276.057
1243	1276.423
1244	1276.24
1245	1276.606
1246	1276.499
1247	1275.951
1248	1276.788
1249	1276.651
1250	1276.545
1251	1276.469
1252	1276.453
1253	1276.59
1254	1276.423
1255	1275.966
1256	1276.469
1257	1275.829
1258	1276.194
1259	1275.859
1260	1276.286
1261	1275.707
1262	1276.103
1263	1276.225
1264	1275.555
1265	1275.829
1266	1275.677
1267	1275.646
1268	1275.646
1269	1275.646
1270	1275.631
1271	1275.951
1272	1276.164
1273	1275.25
1274	1275.875
1275	1275.935
1276	1275.448
1277	1275.342
1278	1275.54
1279	1275.433
1280	1275.738
1281	1275.372
1282	1275.433
1283	1274.87
1284	1275.128
1285	1275.326
1286	1275.798
1287	1275.113
1288	1275.387
1289	1275.677
1290	1275.204
1291	1275.265
1292	1274.458
1293	1275.037
1294	1275.006
1295	1275.235
1296	1275.22
1297	1275.357
1298	1274.854
1299	1275.326
1300	1274.702
1301	1274.87
1302	1274.946
1303	1274.854
1304	1274.961
1305	1274.717
1306	1274.854
1307	1274.519
1308	1274.809
1309	1274.778
1310	1274.093
1311	1274.458
1312	1274.93
1313	1274.534
1314	1274.55
1315	1274.717
1316	1274.306
1317	1274.626
1318	1274.656
1319	1274.062
1320	1274.139
1321	1274.199
1322	1273.986
1323	1274.291
1324	1274.062
1325	1273.925
1326	1273.956
1327	1273.88
1328	1273.895
1329	1274.184
1330	1273.758
1331	1274.458
1332	1274.123
1333	1274.093
1334	1273.864
1335	1273.864
1336	1274.276
1337	1274.215
1338	1273.895
1339	1274.078
1340	1273.941
1341	1273.377
1342	1273.758
1343	1273.803
1344	1273.895
1345	1273.362
1346	1274.184
1347	1273.682
1348	1274.123
1349	1273.21
1350	1273.392
1351	1273.164
1352	1273.575
1353	1273.362
1354	1273.621
1355	1273.271
1356	1273.164
1357	1273.118
1358	1273.469
1359	1273.164
1360	1273.56
1361	1273.56
1362	1273.408
1363	1272.814
1364	1273.453
1365	1272.814
1366	1272.753
1367	1273.027
1368	1272.92
1369	1272.692
1370	1272.661
1371	1272.661
1372	1272.479
1373	1272.57
1374	1272.463
1375	1272.418
1376	1272.265
1377	1272.539
1378	1272.89
1379	1272.509
1380	1272.707
1381	1272.844
1382	1272.57
1383	1272.646
1384	1272.89
1385	1272.631
1386	1272.829
1387	1272.631
1388	1272.479
1389	1272.281
1390	1272.25
1391	1271.717
1392	1272.342
1393	1272.539
1394	1272.463
1395	1272.22
1396	1272.235
1397	1272.402
1398	1272.144
1399	1272.128
1400	1272.387
1401	1272.829
1402	1271.915
1403	1272.448
1404	1272.387
1405	1272.174
1406	1271.93
1407	1271.336
1408	1271.611
1409	1271.565
1410	1271.626
1411	1271.565
1412	1271.9
1413	1271.93
1414	1271.93
1415	1271.489
1416	1271.55
1417	1271.595
1418	1271.565
1419	1271.519
1420	1271.23
1421	1271.672
1422	1271.352
1423	1271.504
1424	1271.474
1425	1270.971
1426	1271.687
1427	1271.336
1428	1271.748
1429	1271.961
1430	1271.656
1431	1271.885
1432	1271.032
1433	1270.925
1434	1271.138
1435	1271.306
1436	1271.078
1437	1271.199
1438	1270.941
1439	1270.94
1440	1271.078
1441	1271.062
1442	1271.078
1443	1270.666
1444	1270.438
1445	1270.743
1446	1271.078
1447	1271.413
1448	1270.712
1449	1270.956
1450	1270.895
1451	1270.712
1452	1270.712
1453	1270.742
1454	1270.575
1455	1270.895
1456	1270.895
1457	1270.27
1458	1270.605
1459	1270.514
1460	1270.727
1461	1270.331
1462	1270.895
1463	1270.605
1464	1270.407
1465	1270.544
1466	1270.316
1467	1270.088
1468	1270.103
1469	1270.438
1470	1270.209
1471	1269.798
1472	1270.255
1473	1270.377
1474	1270.194
1475	1270.301
1476	1270.255
1477	1270.347
1478	1270.331
1479	1269.737
1480	1269.935
1481	1269.951
1482	1269.92
1483	1270.27
1484	1269.89
1485	1269.859
1486	1269.646
1487	1270.209
1488	1269.905
1489	1269.448
1490	1270.194
1491	1269.524
1492	1269.418
1493	1269.418
1494	1269.189
1495	1269.433
1496	1269.189
1497	1269.326
1498	1269.387
1499	1269.341
1500	1269.646
1501	1269.113
1502	1269.204
1503	1268.885
1504	1269.098
1505	1269.143
1506	1269.418
1507	1269.22
1508	1269.402
1509	1269.006
1510	1268.808
1511	1268.915
1512	1268.885
1513	1268.93
1514	1268.687
1515	1268.687
1516	1268.946
1517	1268.382
1518	1269.022
1519	1269.006
1520	1269.341
1521	1268.641
1522	1268.687
1523	1268.976
1524	1268.443
1525	1268.854
1526	1268.915
1527	1268.763
1528	1268.397
1529	1269.006
1530	1268.58
1531	1268.336
1532	1268.702
1533	1268.793
1534	1268.656
1535	1268.382
1536	1268.352
1537	1268.412
1538	1268.276
1539	1268.382
1540	1268.352
1541	1268.382
1542	1269.22
1543	1268.93
1544	1268.382
1545	1268.702
1546	1269.037
1547	1268.382
1548	1268.382
1549	1268.443
1550	1268.23
1551	1268.473
1552	1268.093
1553	1267.986
1554	1267.697
1555	1267.925
1556	1268.138
1557	1267.438
1558	1267.697
1559	1267.925
1560	1267.773
1561	1267.788
1562	1267.742
1563	1267.316
1564	1267.179
1565	1267.377
1566	1267.895
1567	1267.331
1568	1267.682
1569	1267.88
1570	1267.499
1571	1267.377
1572	1267.377
1573	1267.682
1574	1267.407
1575	1267.742
1576	1267.849
1577	1267.286
1578	1267.666
1579	1267.819
1580	1267.819
1581	1267.255
1582	1267.088
1583	1267.194
1584	1267.011
1585	1267.225
1586	1266.615
1587	1266.798
1588	1266.996
1589	1267.453
1590	1267.331
1591	1267.011
1592	1266.783
1593	1266.89
1594	1267.423
1595	1267.103
1596	1267.118
1597	1267.011
1598	1266.905
1599	1267.103
1600	1266.555
1601	1266.829
1602	1267.24
1603	1266.143
1604	1266.89
1605	1266.844
1606	1266.083
1607	1266.311
1608	1266.783
1609	1266.646
1610	1266.509
1611	1266.737
1612	1266.707
1613	1266.418
1614	1266.387
1615	1266.524
1616	1266.585
1617	1266.783
1618	1266.539
1619	1266.204
1620	1266.585
1621	1266.783
1622	1266.052
1623	1266.387
1624	1266.326
1625	1266.159
1626	1266.433
1627	1266.676
1628	1266.189
1629	1265.976
1630	1265.793
1631	1265.808
1632	1266.143
1633	1266.128
1634	1266.448
1635	1266.265
1636	1265.945
1637	1265.991
1638	1266.098
1639	1266.463
1640	1265.61
1641	1265.748
1642	1266.098
1643	1265.504
1644	1265.717
1645	1265.656
1646	1265.656
1647	1265.351
1648	1265.9
1649	1265.915
1650	1265.428
1651	1265.184
1652	1265.61
1653	1265.565
1654	1265.23
1655	1264.742
1656	1265.443
1657	1265.595
1658	1265.108
1659	1264.956
1660	1265.154
1661	1264.864
1662	1265.245
1663	1265.382
1664	1265.032
1665	1264.849
1666	1265.214
1667	1264.971
1668	1264.956
1669	1264.895
1670	1265.001
1671	1265.169
1672	1264.377
1673	1264.666
1674	1264.697
1675	1264.255
1676	1264.179
1677	1264.986
1678	1264.164
1679	1264.818
1680	1264.042
1681	1264.346
1682	1264.499
1683	1264.773
1684	1264.392
1685	1264.118
1686	1264.514
1687	1264.666
1688	1264.164
1689	1264.103
1690	1264.164
1691	1264.301
1692	1264.255
1693	1263.981
1694	1264.362
1695	1264.103
1696	1264.392
1697	1264.148
1698	1264.286
1699	1264.499
1700	1263.905
1701	1263.966
1702	1264.042
1703	1263.95
1704	1264.027
1705	1263.905
1706	1263.89
1707	1263.707
1708	1264.499
1709	1264.727
1710	1264.148
1711	1263.372
1712	1263.722
1713	1264.057
1714	1263.615
1715	1264.088
1716	1263.676
1717	1263.753
1718	1263.326
1719	1263.402
1720	1263.89
1721	1263.463
1722	1263.829
1723	1263.661
1724	1263.357
1725	1263.859
1726	1263.966
1727	1263.28
1728	1263.402
1729	1263.539
1730	1263.509
1731	1263.326
1732	1263.402
1733	1263.524
1734	1263.296
1735	1263.494
1736	1263.098
1737	1263.448
1738	1262.793
1739	1262.793
1740	1263.341
1741	1263.067
1742	1262.839
1743	1262.869
1744	1263.067
1745	1262.885
1746	1263.159
1747	1262.991
1748	1263.067
1749	1263.174
1750	1263.25
1751	1262.306
1752	1263.083
1753	1262.9
1754	1263.478
1755	1262.351
1756	1262.458
1757	1262.976
1758	1263.021
1759	1262.291
1760	1263.037
1761	1262.9
1762	1262.747
1763	1262.671
1764	1262.641
1765	1262.595
1766	1262.504
1767	1262.945
1768	1262.641
1769	1262.443
1770	1262.214
1771	1262.382
1772	1262.549
1773	1262.443
1774	1262.138
1775	1262.443
1776	1262.367
1777	1262.138
1778	1262.245
1779	1262.138
1780	1262.138
1781	1261.818
1782	1261.94
1783	1262.138
1784	1262.093
1785	1262.306
1786	1262.397
1787	1262.123
1788	1261.758
1789	1262.077
1790	1262.58
1791	1262.382
1792	1261.803
1793	1261.529
1794	1261.59
1795	1261.971
1796	1262.108
1797	1262.245
1798	1261.712
1799	1261.666
1800	1261.681
1801	1262.184
1802	1262.123
1803	1262.047
1804	1261.529
1805	1261.362
1806	1261.225
1807	1261.468
1808	1261.529
1809	1261.59
1810	1261.879
1811	1261.346
1812	1261.407
1813	1261.331
1814	1261.407
1815	1261.56
1816	1261.042
1817	1260.981
1818	1261.346
1819	1261.758
1820	1261.697
1821	1261.407
1822	1261.286
1823	1261.027
1824	1260.828
1825	1261.164
1826	1261.407
1827	1260.889
1828	1261.331
1829	1261.148
1830	1261.042
1831	1261.088
1832	1261.316
1833	1260.768
1834	1260.6
1835	1260.524
1836	1260.844
1837	1260.966
1838	1261.286
1839	1261.103
1840	1260.95
1841	1261.072
1842	1261.088
1843	1260.448
1844	1260.356
1845	1260.874
1846	1260.874
1847	1260.615
1848	1260.356
1849	1260.661
1850	1260.768
1851	1260.92
1852	1260.494
1853	1260.387
1854	1260.448
1855	1260.326
1856	1260.676
1857	1260.356
1858	1260.494
1859	1259.823
1860	1259.961
1861	1259.961
1862	1259.9
1863	1260.417
1864	1260.57
1865	1259.945
1866	1260.158
1867	1260.021
1868	1260.128
1869	1260.661
1870	1260.174
1871	1259.732
1872	1259.961
1873	1260.128
1874	1260.113
1875	1260.433
1876	1260.174
1877	1259.58
1878	1259.869
1879	1259.945
1880	1259.9
1881	1260.296
1882	1259.854
1883	1260.113
1884	1259.641
1885	1260.204
1886	1260.296
1887	1260.448
1888	1260.372
1889	1259.595
1890	1259.595
1891	1259.656
1892	1259.473
1893	1259.945
1894	1260.098
1895	1260.219
1896	1259.763
1897	1259.641
1898	1259.23
1899	1259.336
1900	1259.412
1901	1259.519
1902	1259.443
1903	1259.625
1904	1259.291
1905	1259.427
1906	1259.093
1907	1259.153
1908	1259.184
1909	1259.23
1910	1259.077
1911	1259.199
1912	1259.519
1913	1259.26
1914	1258.925
1915	1259.458
1916	1259.565
1917	1259.61
1918	1259.58
1919	1259.245
1920	1258.925
1921	1258.651
1922	1258.666
1923	1258.712
1924	1259.321
1925	1258.742
1926	1258.681
1927	1258.62
1928	1259.032
1929	1258.681
1930	1259.093
1931	1259.062
1932	1259.291
1933	1258.788
1934	1258.666
1935	1258.742
1936	1259.062
1937	1258.56
1938	1258.224
1939	1258.895
1940	1258.575
1941	1258.255
1942	1259.138
1943	1258.666
1944	1258.925
1945	1258.331
1946	1258.727
1947	1258.544
1948	1258.438
1949	1258.224
1950	1258.407
1951	1258.285
1952	1258.681
1953	1258.544
1954	1258.666
1955	1258.224
1956	1257.844
1957	1258.118
1958	1258.24
1959	1258.164
1960	1257.95
1961	1257.752
1962	1258.346
1963	1258.483
1964	1258.285
1965	1258.301
1966	1258.103
1967	1258.057
1968	1258.285
1969	1258.026
1970	1257.966
1971	1257.737
1972	1258.24
1973	1257.874
1974	1257.417
1975	1257.783
1976	1257.554
1977	1257.341
1978	1257.219
1979	1257.356
1980	1257.524
1981	1257.844
1982	1257.509
1983	1257.448
1984	1257.539
1985	1257.935
1986	1257.783
1987	1257.676
1988	1257.691
1989	1257.813
1990	1257.554
1991	1257.798
1992	1257.524
1993	1257.448
1994	1257.6
1995	1257.296
1996	1257.798
1997	1257.463
1998	1257.265
1999	1256.915
2000	1257.296
2001	1257.326
2002	1257.417
2003	1257.189
2004	1257.478
2005	1257.204
2006	1257.265
2007	1256.9
2008	1256.534
2009	1256.93
2010	1257.311
2011	1256.854
2012	1256.763
2013	1256.671
2014	1256.732
2015	1256.823
2016	1256.702
2017	1256.702
2018	1256.732
2019	1256.686
2020	1256.534
2021	1256.367
2022	1256.671
2023	1256.29
2024	1256.656
2025	1256.839
2026	1257.006
2027	1257.128
2028	1257.128
2029	1256.915
2030	1256.884
2031	1257.006
2032	1256.595
2033	1256.686
2034	1256.991
2035	1256.854
2036	1256.412
2037	1256.717
2038	1256.549
2039	1256.519
2040	1256.509
2041	1256.458
2042	1256.382
2043	1256.595
2044	1256.686
2045	1256.306
2046	1256.336
2047	1256.717
2048	1256.686
2049	1256.839
2050	1256.519
2051	1256.382
2052	1256.549
2053	1256.732
2054	1256.534
2055	1256.473
2056	1256.351
2057	1256.306
2058	1256.26
2059	1256.306
2060	1255.833
2061	1256.016
2062	1256.016
2063	1255.727
2064	1255.879
2065	1256.093
2066	1255.529
2067	1255.91
2068	1256.245
2069	1256.062
2070	1255.849
2071	1256.199
2072	1256.199
2073	1256.199
2074	1256.427
2075	1256.351
2076	1255.742
2077	1256.138
2078	1255.788
2079	1255.864
2080	1255.788
2081	1256.184
2082	1255.773
2083	1255.635
2084	1255.879
2085	1255.59
2086	1255.803
2087	1255.575
2088	1255.27
2089	1255.727
2090	1255.24
2091	1254.935
2092	1255.529
2093	1255.392
2094	1255.544
2095	1255.635
2096	1255.696
2097	1255.392
2098	1255.118
2099	1255.27
2100	1255.514
2101	1255.453
2102	1255.453
2103	1255.499
2104	1255.544
2105	1255.453
2106	1255.346
2107	1255.072
2108	1255.666
2109	1254.646
2110	1255.057
2111	1255.285
2112	1255.118
2113	1255.103
2114	1255.026
2115	1254.874
2116	1254.707
2117	1255.072
2118	1254.691
2119	1254.204
2120	1254.92
2121	1254.722
2122	1254.737
2123	1254.874
2124	1254.859
2125	1254.874
2126	1255.453
2127	1254.691
2128	1254.798
2129	1255.103
2130	1255.301
2131	1255.026
2132	1255.285
2133	1255.346
2134	1254.219
2135	1254.128
2136	1253.991
2137	1254.265
2138	1254.417
2139	1254.6
2140	1254.63
2141	1254.463
2142	1254.432
2143	1254.554
2144	1254.387
2145	1254.905
2146	1254.417
2147	1254.448
2148	1254.676
2149	1254.585
2150	1254.052
2151	1254.402
2152	1254.478
2153	1254.158
2154	1254.661
2155	1254.57
2156	1254.387
2157	1254.082
2158	1254.189
2159	1254.098
2160	1254.158
2161	1253.884
2162	1254.082
2163	1254.082
2164	1254.25
2165	1254.128
2166	1254.174
2167	1254.128
2168	1254.448
2169	1254.143
2170	1253.854
2171	1254.158
2172	1254.128
2173	1254.158
2174	1253.732
2175	1254.143
2176	1253.884
2177	1253.671
2178	1253.549
2179	1253.625
2180	1253.473
2181	1253.519
2182	1253.656
2183	1253.564
2184	1253.58
2185	1253.473
2186	1253.397
2187	1253.443
2188	1253.153
2189	1253.169
2190	1253.275
2191	1253.169
2192	1253.016
2193	1253.382
2194	1253.382
2195	1253.488
2196	1252.833
2197	1253.869
2198	1253.671
2199	1253.747
2200	1253.869
2201	1253.504
2202	1253.625
2203	1253.123
2204	1253.047
2205	1253.153
2206	1253.427
2207	1253.351
2208	1253.793
2209	1253.123
2210	1253.473
2211	1253.229
2212	1253.351
2213	1253.351
2214	1253.351
2215	1253.123
2216	1253.351
2217	1253.26
2218	1253.199
2219	1252.894
2220	1252.498
2221	1253.153
2222	1253.306
2223	1253.108
2224	1253.229
2225	1252.955
2226	1253.184
2227	1252.879
2228	1253.138
2229	1253.016
2230	1253.062
2231	1253.031
2232	1252.727
2233	1252.163
2234	1252.62
2235	1252.742
2236	1252.757
2237	1253.031
2238	1252.955
2239	1252.727
2240	1252.498
2241	1252.407
2242	1252.681
2243	1253.169
2244	1252.346
2245	1252.544
2246	1252.011
2247	1252.788
2248	1253.001
2249	1253.031
2250	1253.062
2251	1252.803
2252	1252.59
2253	1252.62
2254	1252.468
2255	1252.377
2256	1252.057
2257	1252.438
2258	1252.59
2259	1252.224
2260	1252.072
2261	1252.057
2262	1252.301
2263	1252.422
2264	1252.148
2265	1252.072
2266	1251.752
2267	1252.24
2268	1251.57
2269	1251.661
2270	1251.585
2271	1251.981
2272	1251.889
2273	1252.422
2274	1252.255
2275	1251.965
2276	1252.072
2277	1251.889
2278	1251.661
2279	1251.828
2280	1252.103
2281	1251.798
2282	1251.615
2283	1252.057
2284	1252.438
2285	1252.361
2286	1252.148
2287	1251.752
2288	1251.935
2289	1251.996
2290	1251.95
2291	1251.874
2292	1251.783
2293	1251.813
2294	1252.042
2295	1252.163
2296	1251.981
2297	1251.783
2298	1251.859
2299	1251.691
2300	1251.859
2301	1251.585
2302	1251.585
2303	1251.935
2304	1251.707
2305	1251.889
2306	1251.57
2307	1251.539
2308	1251.387
2309	1251.509
2310	1251.311
2311	1251.219
2312	1251.432
2313	1251.722
2314	1251.539
2315	1251.524
2316	1251.432
2317	1251.92
2318	1251.311
2319	1251.432
2320	1251.356
2321	1251.036
2322	1251.402
2323	1251.524
2324	1251.646
2325	1251.432
2326	1250.808
2327	1250.93
2328	1251.28
2329	1251.204
2330	1251.265
2331	1251.341
2332	1251.28
2333	1251.158
2334	1251.311
2335	1251.432
2336	1251.326
2337	1250.839
2338	1250.534
2339	1250.854
2340	1250.717
2341	1250.854
2342	1250.839
2343	1251.036
2344	1251.265
2345	1251.219
2346	1251.021
2347	1251.25
2348	1251.219
2349	1250.839
2350	1251.021
2351	1251.128
2352	1250.976
2353	1250.762
2354	1251.158
2355	1250.9
2356	1250.884
2357	1250.503
2358	1250.656
2359	1250.869
2360	1250.717
2361	1250.549
2362	1250.717
2363	1250.869
2364	1250.534
2365	1250.275
2366	1250.336
2367	1251.113
2368	1250.9
2369	1250.641
2370	1250.199
2371	1250.229
2372	1250.306
2373	1250.336
2374	1250.427
2375	1250.397
2376	1250.397
2377	1250.29
2378	1250.245
2379	1250.458
2380	1250.199
2381	1250.549
2382	1250.488
2383	1249.818
2384	1249.681
2385	1250.153
2386	1250.077
2387	1250.519
2388	1250.671
2389	1250.062
2390	1249.864
2391	1249.833
2392	1249.681
2393	1250.168
2394	1250.016
2395	1249.803
2396	1250.427
2397	1249.849
2398	1249.91
2399	1250.336
2400	1249.833
2401	1249.772
2402	1249.772
2403	1250.138
2404	1250.229
2405	1250.625
2406	1250.214
2407	1249.986
2408	1250.108
2409	1250.366
2410	1250.123
2411	1249.94
2412	1250.031
2413	1249.727
2414	1249.833
2415	1249.91
2416	1249.788
2417	1249.925
2418	1249.285
2419	1249.498
2420	1249.59
2421	1249.925
2422	1249.757
2423	1249.392
2424	1249.361
2425	1249.544
2426	1249.772
2427	1249.742
2428	1249.833
2429	1249.59
2430	1249.24
2431	1249.529
2432	1249.833
2433	1250.031
2434	1249.681
2435	1249.407
2436	1249.24
2437	1249.407
2438	1249.544
2439	1249.833
2440	1249.163
2441	1249.026
2442	1248.965
2443	1249.3
2444	1249.255
2445	1249.575
2446	1249.346
2447	1249.118
2448	1249.62
2449	1249.727
2450	1249.331
2451	1248.935
2452	1249.087
2453	1249.194
2454	1248.965
2455	1249.316
2456	1249.316
2457	1249.026
2458	1249.346
2459	1249.057
2460	1249.285
2461	1248.752
2462	1248.783
2463	1248.981
2464	1249.026
2465	1248.981
2466	1248.905
2467	1248.707
2468	1248.767
2469	1248.874
2470	1249.224
2471	1248.661
2472	1248.646
2473	1249.209
2474	1248.996
2475	1249.209
2476	1249.102
2477	1248.767
2478	1248.707
2479	1248.783
2480	1248.448
2481	1248.356
2482	1248.767
2483	1248.889
2484	1248.722
2485	1248.646
2486	1248.63
2487	1248.752
2488	1248.737
2489	1248.63
2490	1248.295
2491	1248.052
2492	1248.219
2493	1248.585
2494	1248.844
2495	1248.234
2496	1248.311
2497	1248.356
2498	1248.965
2499	1248.646
2500	1248.311
2501	1248.143
2502	1248.113
2503	1248.707
2504	1249.011
2505	1248.509
2506	1248.874
2507	1248.356
2508	1248.143
2509	1248.509
2510	1248.356
2511	1248.356
2512	1248.432
2513	1247.884
2514	1248.173
2515	1248.539
2516	1248.478
2517	1247.839
2518	1248.036
2519	1248.021
2520	1248.234
2521	1248.326
2522	1247.58
2523	1247.656
2524	1248.082
2525	1248.189
2526	1247.839
2527	1247.808
2528	1247.793
2529	1247.93
2530	1248.432
2531	1248.097
2532	1247.808
2533	1247.549
2534	1248.219
2535	1247.58
2536	1247.671
2537	1247.778
2538	1247.991
2539	1247.884
2540	1247.641
2541	1247.869
2542	1247.473
2543	1248.006
2544	1247.29
2545	1247.443
2546	1247.443
2547	1247.945
2548	1247.245
2549	1247.108
2550	1247.656
2551	1247.26
2552	1247.29
2553	1247.229
2554	1247.382
2555	1247.701
2556	1247.58
2557	1247.534
2558	1247.245
2559	1247.595
2560	1247.793
2561	1247.854
2562	1247.412
2563	1247.275
2564	1248.097
2565	1247.443
2566	1247.625
2567	1247.839
2568	1247.686
2569	1247.366
2570	1247.29
2571	1247.564
2572	1247.138
2573	1247.29
2574	1247.641
2575	1247.001
2576	1247.275
2577	1246.925
2578	1247.184
2579	1246.651
2580	1246.879
2581	1246.986
2582	1247.001
2583	1247.138
2584	1247.229
2585	1247.214
2586	1246.894
2587	1247.168
2588	1247.519
2589	1247.047
2590	1246.757
2591	1247.047
2592	1247.199
2593	1247.092
2594	1246.849
2595	1246.529
2596	1246.681
2597	1246.803
2598	1246.179
2599	1246.651
2600	1246.818
2601	1246.788
2602	1246.712
2603	1246.727
2604	1246.833
2605	1247.016
2606	1247.184
2607	1246.331
2608	1246.666
2609	1246.818
2610	1246.818
2611	1246.757
2612	1246.879
2613	1246.574
2614	1246.635
2615	1247.001
2616	1246.24
2617	1246.331
2618	1246.407
2619	1246.635
2620	1246.453
2621	1246.559
2622	1246.148
2623	1246.3
2624	1246.559
2625	1246.285
2626	1245.889
2627	1246.483
2628	1246.057
2629	1246.331
2630	1246.163
2631	1246.392
2632	1246.788
2633	1245.798
2634	1246.559
2635	1246.666
2636	1246.468
2637	1246.148
2638	1246.62
2639	1246.544
2640	1246.468
2641	1246.605
2642	1245.828
2643	1245.493
2644	1245.859
2645	1246.377
2646	1246.148
2647	1245.767
2648	1245.904
2649	1245.798
2650	1245.95
2651	1245.874
2652	1245.615
2653	1245.767
2654	1245.463
2655	1245.569
2656	1245.828
2657	1245.889
2658	1245.844
2659	1245.417
2660	1245.615
2661	1245.737
2662	1245.95
2663	1246.042
2664	1245.554
2665	1245.798
2666	1245.874
2667	1245.95
2668	1245.432
2669	1245.874
2670	1245.965
2671	1246.057
2672	1245.874
2673	1245.844
2674	1245.783
2675	1245.767
2676	1245.158
2677	1245.402
2678	1245.813
2679	1245.889
2680	1245.448
2681	1245.219
2682	1245.554
2683	1245.539
2684	1245.402
2685	1245.082
2686	1245.31
2687	1245.25
2688	1245.143
2689	1245.036
2690	1245.585
2691	1245.585
2692	1245.143
2693	1244.991
2694	1245.143
2695	1245.158
2696	1245.234
2697	1245.189
2698	1245.539
2699	1245.432
2700	1245.402
2701	1245.371
2702	1245.021
2703	1245.158
2704	1245.158
2705	1244.869
2706	1245.082
2707	1245.25
2708	1244.93
2709	1245.082
2710	1245.493
2711	1245.006
2712	1244.732
2713	1245.067
2714	1245.173
2715	1245.113
2716	1244.793
2717	1245.143
2718	1244.93
2719	1244.747
2720	1245.463
2721	1245.158
2722	1244.777
2723	1244.717
2724	1245.006
2725	1244.854
2726	1244.96
2727	1244.93
2728	1244.884
2729	1244.915
2730	1245.113
2731	1244.975
2732	1245.113
2733	1244.915
2734	1244.686
2735	1245.082
2736	1244.747
2737	1244.686
2738	1244.945
2739	1244.579
2740	1245.219
2741	1245.097
2742	1244.443
2743	1244.793
2744	1244.96
2745	1244.823
2746	1244.549
2747	1244.625
2748	1244.793
2749	1244.945
2750	1244.625
2751	1244.96
2752	1244.656
2753	1244.671
2754	1244.397
2755	1244.549
2756	1244.808
2757	1244.854
2758	1244.579
2759	1244.579
2760	1244.229
2761	1244.047
2762	1244.229
2763	1244.488
2764	1244.351
2765	1244.29
2766	1244.214
2767	1244.305
2768	1244.214
2769	1244.564
2770	1243.909
2771	1244.382
2772	1244.031
2773	1244.031
2774	1243.97
2775	1244.168
2776	1243.849
2777	1244.549
2778	1244.077
2779	1243.712
2780	1244.351
2781	1243.986
2782	1243.559
2783	1244.184
2784	1244.153
2785	1244.031
2786	1243.651
2787	1243.681
2788	1243.392
2789	1243.833
2790	1244.138
2791	1243.057
2792	1243.666
2793	1243.62
2794	1243.62
2795	1244.001
2796	1243.909
2797	1243.392
2798	1243.97
2799	1243.97
2800	1243.712
2801	1243.909
2802	1243.422
2803	1243.681
2804	1243.894
2805	1243.574
2806	1243.925
2807	1243.818
2808	1243.529
2809	1243.422
2810	1243.635
2811	1243.437
2812	1243.879
2813	1243.666
2814	1243.239
2815	1243.879
2816	1243.818
2817	1243.727
2818	1243.544
2819	1243.331
2820	1243.148
2821	1243.498
2822	1243.574
2823	1243.148
2824	1243.483
2825	1243.574
2826	1243.133
2827	1243.97
2828	1243.544
2829	1243.514
2830	1243.27
2831	1243.27
2832	1243.209
2833	1243.727
2834	1243.498
2835	1242.996
2836	1243.209
2837	1243.102
2838	1242.737
2839	1242.996
2840	1243.178
2841	1243.27
2842	1243.376
2843	1243.392
2844	1242.478
2845	1243.163
2846	1243.346
2847	1243.087
2848	1243.057
2849	1243.392
2850	1243.194
2851	1242.661
2852	1243.194
2853	1242.843
2854	1243.042
2855	1243.118
2856	1242.615
2857	1242.691
2858	1242.569
2859	1243.422
2860	1243.148
2861	1243.361
2862	1243.255
2863	1243.057
2864	1242.478
2865	1242.752
2866	1242.402
2867	1242.676
2868	1242.691
2869	1242.158
2870	1242.95
2871	1242.767
2872	1243.072
2873	1243.209
2874	1243.239
2875	1242.539
2876	1242.752
2877	1242.508
2878	1242.097
2879	1242.646
2880	1242.25
2881	1242.554
2882	1242.904
2883	1242.432
2884	1242.539
2885	1242.204
2886	1241.96
2887	1242.417
2888	1242.463
2889	1242.828
2890	1242.996
2891	1242.585
2892	1242.28
2893	1242.341
2894	1242.569
2895	1242.767
2896	1242.356
2897	1242.798
2898	1242.63
2899	1241.869
2900	1241.884
2901	1241.945
2902	1242.204
2903	1242.234
2904	1241.991
2905	1242.92
2906	1242.204
2907	1242.691
2908	1242.448
2909	1242.082
2910	1242.006
2911	1242.387
2912	1242.402
2913	1242.052
2914	1242.524
2915	1242.082
2916	1242.006
2917	1242.189
2918	1241.808
2919	1241.823
2920	1241.808
2921	1242.082
2922	1241.945
2923	1241.732
2924	1242.326
2925	1241.915
2926	1241.564
2927	1242.219
2928	1241.854
2929	1241.625
2930	1242.067
2931	1241.351
2932	1241.975
2933	1241.564
2934	1241.884
2935	1241.595
2936	1241.305
2937	1241.945
2938	1242.204
2939	1241.991
2940	1241.991
2941	1241.793
2942	1241.854
2943	1241.412
2944	1241.991
2945	1241.671
2946	1241.275
2947	1242.052
2948	1241.442
2949	1241.884
2950	1241.321
2951	1241.412
2952	1241.062
2953	1241.991
2954	1241.701
2955	1241.412
2956	1241.351
2957	1241.199
2958	1241.473
2959	1241.671
2960	1241.595
2961	1241.777
2962	1241.899
2963	1241.412
2964	1241.397
2965	1241.229
2966	1241.214
2967	1240.818
2968	1241.214
2969	1241.092
2970	1241.381
2971	1240.727
2972	1241.245
2973	1241.336
2974	1241.381
2975	1241.077
2976	1241.168
2977	1241.488
2978	1241.077
2979	1241.488
2980	1241.062
2981	1241.26
2982	1241.214
2983	1241.381
2984	1241.062
2985	1241.153
2986	1241.321
2987	1241.412
2988	1241.442
2989	1240.62
2990	1241.016
2991	1240.818
2992	1241.123
2993	1240.879
2994	1240.848
2995	1240.818
2996	1241.321
2997	1240.711
2998	1240.833
2999	1240.529
3000	1241.107
3001	1241.077
3002	1240.818
3003	1240.62
3004	1241.031
3005	1240.544
3006	1240.696
3007	1240.346
3008	1241.016
3009	1241.047
3010	1240.59
3011	1240.361
3012	1240.468
3013	1240.894
3014	1240.818
3015	1240.194
3016	1240.574
3017	1240.925
3018	1241.199
3019	1240.757
3020	1240.346
3021	1240.666
3022	1240.711
3023	1240.696
3024	1240.178
3025	1240.651
3026	1240.346
3027	1240.255
3028	1240.62
3029	1240.346
3030	1240.818
3031	1240.818
3032	1240.3
3033	1240.3
3034	1240.468
3035	1240.925
3036	1240.255
3037	1240.513
3038	1240.59
3039	1240.59
3040	1240.346
3041	1240.346
3042	1240.133
3043	1240.224
3044	1240.194
3045	1240.224
3046	1240.437
3047	1240.59
3048	1240.133
3049	1240.072
3050	1240.102
3051	1239.767
3052	1240.117
3053	1240.285
3054	1239.752
3055	1239.996
3056	1240.27
3057	1240.057
3058	1239.98
3059	1240.468
3060	1240.239
3061	1240.041
3062	1240.087
3063	1239.889
3064	1240.178
3065	1240.194
3066	1239.92
3067	1239.874
3068	1239.904
3069	1239.95
3070	1240.117
3071	1240.574
3072	1239.95
3073	1240.407
3074	1240.315
3075	1239.98
3076	1239.889
3077	1239.569
3078	1239.341
3079	1240.041
3080	1239.935
3081	1239.539
3082	1240.133
3083	1239.843
3084	1240.011
3085	1239.889
3086	1239.569
3087	1239.112
3088	1239.828
3089	1240.209
3090	1239.676
3091	1239.767
3092	1240.041
3093	1239.524
3094	1239.173
3095	1239.341
3096	1239.6
3097	1239.524
3098	1239.432
3099	1239.737
3100	1238.945
3101	1239.706
3102	1239.63
3103	1239.25
3104	1239.645
3105	1239.6
3106	1239.128
3107	1239.036
3108	1239.6
3109	1239.6
3110	1239.6
3111	1239.554
3112	1239.767
3113	1239.28
3114	1239.143
3115	1238.914
3116	1239.006
3117	1239.28
3118	1239.25
3119	1239.782
3120	1239.326
3121	1239.25
3122	1239.234
3123	1239.371
3124	1238.945
3125	1239.706
3126	1239.691
3127	1239.417
3128	1239.371
3129	1239.341
3130	1238.975
3131	1238.914
3132	1239.508
3133	1239.889
3134	1239.112
3135	1239.067
3136	1239.021
3137	1239.31
3138	1239.158
3139	1238.747
3140	1238.793
3141	1239.143
3142	1238.732
3143	1238.991
3144	1238.884
3145	1238.93
3146	1239.326
3147	1238.854
3148	1239.052
3149	1238.793
3150	1238.716
3151	1239.25
3152	1238.838
3153	1238.64
3154	1238.945
3155	1238.701
3156	1238.412
3157	1239.112
3158	1238.579
3159	1238.93
3160	1238.595
3161	1238.503
3162	1238.381
3163	1239.067
3164	1239.021
3165	1238.64
3166	1238.716
3167	1238.29
3168	1238.64
3169	1238.579
3170	1238.777
3171	1238.671
3172	1238.884
3173	1238.64
3174	1239.006
3175	1238.914
3176	1238.716
3177	1238.183
3178	1238.732
3179	1238.716
3180	1238.275
3181	1238.762
3182	1238.625
3183	1238.305
3184	1238.123
3185	1238.534
3186	1238.397
3187	1238.412
3188	1237.894
3189	1238.153
3190	1238.199
3191	1238.595
3192	1238.077
3193	1237.955
3194	1238.701
3195	1238.412
3196	1238.244
3197	1238.305
3198	1238.427
3199	1238.899
3200	1238.747
3201	1238.427
3202	1238.062
3203	1238.336
3204	1238.503
3205	1238.107
3206	1238.001
3207	1238.61
3208	1238.29
3209	1238.092
3210	1238.138
3211	1237.864
3212	1238.656
3213	1238.016
3214	1237.94
3215	1238.062
3216	1238.092
3217	1237.97
3218	1238.199
3219	1238.397
3220	1238.305
3221	1237.833
3222	1238.153
3223	1238.092
3224	1237.955
3225	1237.681
3226	1237.787
3227	1237.635
3228	1238.077
3229	1238.107
3230	1237.589
3231	1237.787
3232	1238.244
3233	1237.727
3234	1238.168
3235	1237.757
3236	1237.513
3237	1237.224
3238	1237.407
3239	1237.681
3240	1237.666
3241	1237.453
3242	1237.985
3243	1237.574
3244	1237.422
3245	1237.772
3246	1237.376
3247	1237.772
3248	1237.513
3249	1237.909
3250	1237.468
3251	1237.148
3252	1237.468
3253	1237.361
3254	1237.529
3255	1237.772
3256	1237.361
3257	1237.437
3258	1237.392
3259	1237.559
3260	1237.255
3261	1237.239
3262	1237.392
3263	1237.529
3264	1237.681
3265	1237.315
3266	1237.635
3267	1237.803
3268	1237.468
3269	1237.239
3270	1237.909
3271	1237.742
3272	1237.727
3273	1237.483
3274	1237.605
3275	1237.605
3276	1237.483
3277	1237.346
3278	1237.315
3279	1237.361
3280	1237.041
3281	1237.117
3282	1237.407
3283	1237.087
3284	1237.133
3285	1236.919
3286	1236.828
3287	1236.676
3288	1236.828
3289	1237.087
3290	1237.072
3291	1236.965
3292	1237.117
3293	1236.569
3294	1237.239
3295	1237.361
3296	1236.813
3297	1236.6
3298	1237.087
3299	1236.554
3300	1236.996
3301	1237.605
3302	1236.493
3303	1237.072
3304	1237.102
3305	1237.376
3306	1237.026
3307	1236.661
3308	1237.087
3309	1237.194
3310	1237.331
3311	1236.904
3312	1236.661
3313	1236.63
3314	1236.843
3315	1236.463
3316	1236.326
3317	1236.95
3318	1236.615
3319	1236.508
3320	1237.087
3321	1236.6
3322	1236.539
3323	1236.889
3324	1236.737
3325	1236.782
3326	1236.63
3327	1236.341
3328	1236.95
3329	1236.737
3330	1236.417
3331	1236.508
3332	1236.996
3333	1236.584
3334	1236.067
3335	1237.27
3336	1236.554
3337	1237.011
3338	1236.63
3339	1236.386
3340	1236.965
3341	1236.63
3342	1236.767
3343	1236.722
3344	1236.386
3345	1236.386
3346	1236.539
3347	1236.661
3348	1236.417
3349	1236.554
3350	1236.234
3351	1236.767
3352	1236.417
3353	1236.036
3354	1236.569
3355	1236.28
3356	1236.661
3357	1235.884
3358	1235.96
3359	1236.295
3360	1236.021
3361	1235.762
3362	1235.64
3363	1236.569
3364	1236.265
3365	1236.402
3366	1236.584
3367	1236.112
3368	1236.188
3369	1236.158
3370	1235.93
3371	1236.204
3372	1236.021
3373	1236.234
3374	1235.975
3375	1235.762
3376	1235.61
3377	1236.508
3378	1235.61
3379	1235.732
3380	1235.61
3381	1235.442
3382	1235.534
3383	1235.838
3384	1235.503
3385	1235.808
3386	1235.884
3387	1235.412
3388	1235.503
3389	1236.219
3390	1235.991
3391	1235.594
3392	1235.716
3393	1235.488
3394	1235.412
3395	1235.305
3396	1235.625
3397	1235.655
3398	1235.29
3399	1235.61
3400	1235.442
3401	1235.183
3402	1236.006
3403	1235.442
3404	1235.199
3405	1235.61
3406	1235.564
3407	1235.412
3408	1235.594
3409	1235.305
3410	1235.397
3411	1235.183
3412	1235.381
3413	1235.351
3414	1235.077
3415	1235.473
3416	1235.366
3417	1235.275
3418	1235.26
3419	1235.107
3420	1235.473
3421	1234.894
3422	1235.244
3423	1235.153
3424	1235.107
3425	1234.955
3426	1235.26
3427	1235.275
3428	1234.97
3429	1235.153
3430	1235.122
3431	1235.016
3432	1235.199
3433	1234.589
3434	1234.787
3435	1234.909
3436	1234.787
3437	1234.955
3438	1234.346
3439	1234.879
3440	1234.97
3441	1234.757
3442	1235.046
3443	1234.544
3444	1234.574
3445	1234.848
3446	1234.605
3447	1234.559
3448	1234.924
3449	1234.848
3450	1234.65
3451	1234.65
3452	1234.97
3453	1234.772
3454	1234.864
3455	1235.092
3456	1234.924
3457	1234.772
3458	1235.062
3459	1234.803
3460	1234.711
3461	1235.351
3462	1234.955
3463	1234.848
3464	1234.94
3465	1234.803
3466	1234.742
3467	1234.65
3468	1234.727
3469	1234.62
3470	1234.62
3471	1234.772
3472	1234.635
3473	1234.833
3474	1234.696
3475	1234.376
3476	1234.483
3477	1234.452
3478	1234.65
3479	1234.3
3480	1234.65
3481	1234.529
3482	1234.529
3483	1234.666
3484	1234.391
3485	1234.331
3486	1234.483
3487	1234.589
3488	1234.285
3489	1234.437
3490	1234.468
3491	1234.422
3492	1234.224
3493	1234.452
3494	1234.376
3495	1234.254
3496	1234.544
3497	1234.315
3498	1233.782
3499	1234.315
3500	1234.513
3501	1234.376
3502	1234.254
3503	1234.117
3504	1234.422
3505	1234.148
3506	1234.057
3507	1234.239
3508	1234.254
3509	1234.102
3510	1233.996
3511	1233.782
3512	1233.996
3513	1234.102
3514	1234.133
3515	1234.117
3516	1234.331
3517	1233.98
3518	1233.95
3519	1234.468
3520	1234.163
3521	1234.041
3522	1233.782
3523	1234.148
3524	1234.057
3525	1234.422
3526	1234.133
3527	1234.072
3528	1234.254
3529	1234.498
3530	1234.346
3531	1234.057
3532	1234.27
3533	1234.133
3534	1233.904
3535	1234.391
3536	1233.965
3537	1234.041
3538	1233.904
3539	1233.554
3540	1234.041
3541	1233.996
3542	1233.828
3543	1234.026
3544	1233.965
3545	1233.691
3546	1233.706
3547	1233.889
3548	1233.554
3549	1233.919
3550	1233.98
3551	1233.691
3552	1233.859
3553	1233.691
3554	1234.026
3555	1233.889
3556	1234.117
3557	1234.087
3558	1234.117
3559	1233.919
3560	1234.148
3561	1233.63
3562	1233.721
3563	1233.782
3564	1233.554
3565	1233.326
3566	1233.889
3567	1233.569
3568	1233.554
3569	1234.133
3570	1233.021
3571	1233.645
3572	1233.249
3573	1233.493
3574	1233.813
3575	1233.63
3576	1233.691
3577	1233.463
3578	1233.889
3579	1233.127
3580	1233.158
3581	1233.767
3582	1233.584
3583	1233.28
3584	1233.386
3585	1233.28
3586	1233.067
3587	1233.006
3588	1233.554
3589	1233.341
3590	1232.625
3591	1232.914
3592	1232.96
3593	1233.341
3594	1232.594
3595	1232.792
3596	1232.701
3597	NaN
3598	2531.316
3599	NaN
3600	1233.204
3601	NaN
3602	NaN
3603	NaN
3604	NaN
3605	NaN
3606	1882.115
3607	1232.884
3608	1232.808
3609	1232.869
3610	1232.381
3611	1232.747
3612	1232.869
3613	1232.549
3614	1232.61
3615	1232.762
3616	1232.823
3617	1232.564
3618	1232.945
3619	1232.381
3620	1232.26
3621	1232.305
3622	1232.229
3623	1232.838
3624	1232.473
3625	1232.488
3626	1232.701
3627	1232.488
3628	1232.488
3629	1232.244
3630	1232.853
3631	1232.853
3632	1232.884
3633	1232.777
3634	1233.036
3635	1232.412
3636	1232.747
3637	1233.204
3638	1232.549
3639	1232.899
3640	1232.96
3641	1232.792
3642	1232.427
3643	1232.686
3644	1232.457
3645	1232.686
3646	1233.112
3647	1232.244
3648	1232.701
3649	1232.153
3650	1232.564
3651	1231.833
3652	1232.229
3653	1232.32
3654	1232.046
3655	1232.214
3656	1232.229
3657	1232.092
3658	1232.32
3659	1232.031
3660	1231.726
3661	1232.138
3662	1231.894
3663	1232.518
	
	
	
	
	
	
	
	
	
	
	
	
	
	
	
	
	
	
	
	
	
	
	
	
	
	
	
	
	
	
	
	
	
	
	
	
	
	
	
	
	
	
	
	
	
	
	
	
	
	
	
	
	
	
	
