1	1201.312
2	1201.085
3	1200.889
4	1201.161
5	1201.04
6	1201.01
7	1201.161
8	1200.874
9	1200.617
10	1201.252
11	1200.995
12	1200.98
13	1200.904
14	1200.617
15	1200.813
16	1200.798
17	1200.753
18	1200.783
19	1200.859
20	1200.949
21	1200.391
22	1200.104
23	1200.451
24	1200.647
25	1200.315
26	1200.104
27	1200.028
28	1200.224
29	1200.088
30	1200.194
31	1199.756
32	1199.333
33	1199.832
34	1199.998
35	1199.968
36	1199.665
37	1199.998
38	1200.073
39	1199.877
40	1199.847
41	1199.801
42	1199.922
43	1199.499
44	1199.484
45	1199.877
46	1199.409
47	1199.106
48	1199.318
49	1199.575
50	1199.333
51	1199.741
52	1199.665
53	1199.121
54	1199.031
55	1199.167
56	1198.925
57	1199.016
58	1199.378
59	1199.076
60	1198.366
61	1198.698
62	1198.91
63	1198.744
64	1198.608
65	1198.759
66	1199.076
67	1198.442
68	1198.532
69	1198.049
70	1198.094
71	1198.744
72	1198.668
73	1197.762
74	1198.291
75	1198.185
76	1198.17
77	1197.822
78	1197.989
79	1198.079
80	1198.2
81	1198.094
82	1197.46
83	1197.55
84	1197.853
85	1197.626
86	1197.369
87	1197.626
88	1197.807
89	1197.837
90	1197.566
91	1197.702
92	1197.686
93	1197.837
94	1197.414
95	1197.671
96	1197.445
97	1197.505
98	1197.535
99	1197.958
100	1197.853
101	1197.037
102	1197.279
103	1197.203
104	1197.475
105	1196.901
106	1196.674
107	1197.127
108	1197.022
109	1196.644
110	1196.674
111	1197.007
112	1197.127
113	1196.508
114	1196.946
115	1196.584
116	1196.709
117	1196.266
118	1196.78
119	1196.297
120	1196.372
121	1196.478
122	1196.886
123	1196.614
124	1196.448
125	1195.919
126	1196.297
127	1196.463
128	1196.297
129	1196.584
130	1196.025
131	1195.889
132	1196.327
133	1196.538
134	1196.13
135	1195.859
136	1196.1
137	1196.161
138	1196.191
139	1196.221
140	1195.949
141	1196.221
142	1195.889
143	1195.481
144	1196.176
145	1195.979
146	1195.753
147	1195.39
148	1195.783
149	1195.269
150	1195.42
151	1195.692
152	1195.617
153	1195.42
154	1195.315
155	1194.725
156	1195.451
157	1195.118
158	1195.088
159	1195.345
160	1195.179
161	1195.254
162	1195.103
163	1194.967
164	1195.043
165	1195.466
166	1195.269
167	1195.088
168	1195.451
169	1195.42
170	1195.315
171	1194.937
172	1194.922
173	1195.103
174	1195.013
175	1194.982
176	1195.148
177	1194.877
178	1194.846
179	1194.529
180	1194.756
181	1194.62
182	1194.635
183	1194.68
184	1194.529
185	1194.287
186	1194.529
187	1194.393
188	1194.453
189	1194.499
190	1193.91
191	1194
192	1194.061
193	1194.514
194	1194.499
195	1194.061
196	1194.544
197	1194.756
198	1194.378
199	1194.242
200	1194
201	1193.895
202	1194.015
203	1194.031
204	1194.121
205	1194.076
206	1193.895
207	1193.88
208	1193.744
209	1193.849
210	1193.245
211	1193.653
212	1193.411
213	1193.426
214	1193.728
215	1192.898
216	1193.169
217	1193.653
218	1193.638
219	1193.472
220	1193.472
221	1193.457
222	1193.88
223	1193.608
224	1193.094
225	1193.305
226	1193.321
227	1193.185
228	1193.034
229	1193.592
230	1193.2
231	1193.351
232	1193.29
233	1194.559
234	1200.798
235	1204.968
236	1204.968
237	1204.696
238	1201.403
239	1193.532
240	1187.837
241	1180.888
242	1181.356
243	1181.145
244	1180.586
245	1180.933
246	1181.069
247	1181.009
248	1180.676
249	1180.299
250	1180.51
251	1180.178
252	1180.163
253	1180.208
254	1180.933
255	1180.54
256	1180.827
257	1180.707
258	1180.963
259	1180.54
260	1180.918
261	1180.827
262	1180.646
263	1180.782
264	1180.419
265	1180.404
266	1180.48
267	1179.981
268	1180.042
269	1179.845
270	1179.74
271	1180.042
272	1180.571
273	1179.74
274	1180.102
275	1179.845
276	1179.634
277	1179.725
278	1179.317
279	1179.861
280	1179.649
281	1179.755
282	1179.362
283	1179.453
284	1179.498
285	1179.679
286	1179.256
287	1179.347
288	1179.74
289	1179.211
290	1179.422
291	1179.302
292	1179.362
293	1178.984
294	1178.879
295	1178.818
296	1178.516
297	1178.728
298	1179.498
299	1178.939
300	1178.652
301	1178.788
302	1179.422
303	1179.045
304	1179.181
305	1178.667
306	1179.256
307	1179.12
308	1178.561
309	1178.546
310	1178.803
311	1179.105
312	1178.984
313	1178.954
314	1178.743
315	1178.833
316	1178.758
317	1179.105
318	1178.939
319	1178.41
320	1178.169
321	1178.138
322	1178.864
323	1178.833
324	1178.501
325	1178.576
326	1178.138
327	1178.244
328	1178.486
329	1178.758
330	1177.821
331	1178.048
332	1177.987
333	1177.821
334	1178.184
335	1177.443
336	1177.746
337	1177.685
338	1177.73
339	1177.972
340	1177.897
341	1177.957
342	1176.99
343	1177.685
344	1178.214
345	1177.564
346	1178.002
347	1177.987
348	1178.561
349	1177.957
350	1177.307
351	1177.625
352	1177.791
353	1177.836
354	1177.7
355	1177.534
356	1177.927
357	1178.138
358	1177.368
359	1177.247
360	1177.459
361	1177.096
362	1177.534
363	1177.247
364	1177.247
365	1177.126
366	1177.715
367	1177.232
368	1177.277
369	1177.398
370	1177.428
371	1177.096
372	1176.854
373	1176.779
374	1176.431
375	1176.749
376	1177.051
377	1176.854
378	1177.051
379	1176.96
380	1176.87
381	1177.111
382	1176.718
383	1176.839
384	1176.764
385	1176.22
386	1176.824
387	1176.537
388	1176.658
389	1176.749
390	1176.839
391	1176.613
392	1176.688
393	1176.265
394	1177.005
395	1176.522
396	1176.25
397	1176.915
398	1176.733
399	1176.597
400	1176.658
401	1176.537
402	1176.008
403	1176.431
404	1176.129
405	1176.582
406	1176.31
407	1176.401
408	1176.794
409	1176.431
410	1176.144
411	1176.462
412	1176.552
413	1175.993
414	1176.205
415	1176.356
416	1176.114
417	1176.069
418	1176.477
419	1176.099
420	1176.31
421	1176.008
422	1176.039
423	1175.842
424	1175.842
425	1176.341
426	1175.857
427	1175.812
428	1176.039
429	1175.842
430	1175.842
431	1176.099
432	1176.069
433	1175.903
434	1175.6
435	1175.948
436	1175.48
437	1175.661
438	1175.887
439	1176.023
440	1175.449
441	1175.706
442	1175.57
443	1175.691
444	1175.042
445	1175.359
446	1175.555
447	1175.328
448	1175.721
449	1175.449
450	1175.359
451	1174.921
452	1175.842
453	1175.464
454	1175.147
455	1175.087
456	1174.679
457	1175.48
458	1174.815
459	1175.193
460	1174.619
461	1175.177
462	1175.117
463	1175.072
464	1175.087
465	1174.558
466	1175.102
467	1175.102
468	1175.298
469	1174.649
470	1174.467
471	1174.407
472	1174.619
473	1174.755
474	1175.057
475	1174.83
476	1174.619
477	1175.268
478	1174.694
479	1174.437
480	1174.483
481	1174.467
482	1174.83
483	1174.196
484	1174.407
485	1174.694
486	1174.392
487	1174.603
488	1174.407
489	1174.588
490	1174.09
491	1174.226
492	1174.422
493	1174.755
494	1174.845
495	1174.468
496	1174.105
497	1174.377
498	1173.818
499	1174.196
500	1173.924
501	1174.211
502	1174.347
503	1173.878
504	1174.165
505	1174.105
506	1174.09
507	1173.244
508	1174.014
509	1173.757
510	1173.47
511	1173.591
512	1173.516
513	1173.334
514	1173.365
515	1173.818
516	1173.939
517	1173.591
518	1173.531
519	1173.274
520	1173.667
521	1173.788
522	1173.002
523	1173.606
524	1173.244
525	1173.38
526	1173.017
527	1173.229
528	1173.591
529	1173.304
530	1173.637
531	1173.002
532	1173.365
533	1173.546
534	1172.987
535	1172.881
536	1172.911
537	1172.821
538	1172.866
539	1173.017
540	1173.183
541	1173.093
542	1173.138
543	1172.866
544	1173.017
545	1172.881
546	1173.365
547	1172.625
548	1172.745
549	1172.821
550	1172.458
551	1173.093
552	1172.458
553	1172.942
554	1172.609
555	1172.534
556	1172.7
557	1172.337
558	1172.232
559	1172.307
560	1172.322
561	1172.745
562	1172.096
563	1172.353
564	1172.277
565	1172.519
566	1172.489
567	1172.64
568	1172.247
569	1171.93
570	1172.277
571	1172.217
572	1172.126
573	1172.292
574	1171.779
575	1171.552
576	1172.337
577	1171.567
578	1171.945
579	1172.126
580	1172.337
581	1172.186
582	1171.899
583	1171.718
584	1172.519
585	1172.096
586	1172.202
587	1171.567
588	1172.202
589	1171.522
590	1172.126
591	1172.202
592	1171.93
593	1171.824
594	1171.673
595	1172.035
596	1171.884
597	1171.265
598	1171.748
599	1171.612
600	1171.658
601	1172.05
602	1171.099
603	1171.627
604	1171.476
605	1171.325
606	1171.733
607	1171.28
608	1171.446
609	1171.582
610	1171.718
611	1171.325
612	1171.763
613	1171.114
614	1170.902
615	1171.114
616	1171.159
617	1171.476
618	1172.096
619	1171.219
620	1171.038
621	1170.963
622	1171.204
623	1171.325
624	1171.25
625	1171.431
626	1171.28
627	1170.766
628	1171.068
629	1170.479
630	1171.053
631	1170.948
632	1171.083
633	1170.615
634	1170.57
635	1170.902
636	1170.902
637	1171.325
638	1170.51
639	1170.419
640	1170.766
641	1170.011
642	1170.827
643	1171.099
644	1170.343
645	1170.585
646	1171.159
647	1170.162
648	1170.464
649	1170.57
650	1170.268
651	1170.268
652	1170.857
653	1170.328
654	1170.026
655	1170.872
656	1170.268
657	1170.313
658	1169.815
659	1170.721
660	1170.177
661	1170.147
662	1170.494
663	1169.996
664	1170.087
665	1170.268
666	1170.268
667	1170.102
668	1169.86
669	1170.374
670	1169.8
671	1170.041
672	1169.951
673	1170.041
674	1170.026
675	1170.192
676	1169.543
677	1169.633
678	1170.358
679	1170.041
680	1169.603
681	1169.845
682	1170.192
683	1169.89
684	1169.754
685	1170.071
686	1169.951
687	1169.981
688	1169.8
689	1170.026
690	1169.815
691	1169.452
692	1169.603
693	1169.512
694	1169.225
695	1169.346
696	1169.694
697	1169.618
698	1169.543
699	1169.346
700	1169.407
701	1169.528
702	1169.497
703	1169.497
704	1169.331
705	1168.848
706	1169.769
707	1169.83
708	1169.86
709	1168.818
710	1169.286
711	1169.603
712	1169.724
713	1169.543
714	1169.15
715	1169.225
716	1169.467
717	1169.256
718	1169.135
719	1169.482
720	1169.648
721	1168.863
722	1168.923
723	1168.969
724	1168.802
725	1168.621
726	1168.833
727	1168.984
728	1168.712
729	1168.425
730	1168.818
731	1169.059
732	1168.515
733	1168.44
734	1168.531
735	1168.213
736	1168.757
737	1168.455
738	1168.667
739	1168.651
740	1168.606
741	1169.286
742	1168.818
743	1168.636
744	1168.606
745	1168.938
746	1168.44
747	1167.866
748	1167.851
749	1168.485
750	1168.772
751	1168.259
752	1168.576
753	1168.38
754	1168.319
755	1168.802
756	1168.198
757	1168.364
758	1168.153
759	1167.805
760	1168.138
761	1168.863
762	1168.334
763	1168.349
764	1167.805
765	1168.077
766	1168.077
767	1168.198
768	1168.304
769	1167.654
770	1168.364
771	1167.896
772	1167.654
773	1168.108
774	1168.591
775	1167.79
776	1167.715
777	1167.246
778	1167.805
779	1167.73
780	1167.624
781	1167.745
782	1167.79
783	1167.836
784	1167.503
785	1167.821
786	1167.775
787	1167.443
788	1167.866
789	1167.805
790	1167.443
791	1167.881
792	1167.866
793	1167.488
794	1167.473
795	1167.156
796	1167.367
797	1167.08
798	1167.141
799	1167.579
800	1167.609
801	1167.156
802	1166.839
803	1166.839
804	1166.733
805	1167.065
806	1167.307
807	1167.231
808	1166.975
809	1167.428
810	1167.685
811	1167.7
812	1167.367
813	1166.914
814	1166.008
815	1166.491
816	1166.536
817	1166.975
818	1167.473
819	1167.398
820	1167.201
821	1167.171
822	1167.095
823	1167.065
824	1167.111
825	1167.156
826	1166.975
827	1166.446
828	1166.582
829	1166.808
830	1166.748
831	1166.582
832	1166.446
833	1166.733
834	1166.823
835	1166.521
836	1166.597
837	1166.627
838	1166.446
839	1165.902
840	1165.993
841	1166.204
842	1166.31
843	1166.355
844	1166.385
845	1166.219
846	1166.068
847	1166.582
848	1166.385
849	1166.204
850	1166.129
851	1165.842
852	1166.385
853	1166.144
854	1166.355
855	1165.962
856	1166.612
857	1166.28
858	1165.917
859	1165.721
860	1165.66
861	1166.083
862	1166.597
863	1166.491
864	1166.129
865	1165.675
866	1165.63
867	1165.57
868	1165.902
869	1165.781
870	1165.736
871	1165.947
872	1165.721
873	1165.252
874	1165.358
875	1165.524
876	1165.826
877	1165.645
878	1165.63
879	1165.796
880	1165.69
881	1165.706
882	1165.252
883	1165.796
884	1165.721
885	1165.766
886	1165.328
887	1165.449
888	1165.222
889	1165.328
890	1165.222
891	1165.524
892	1164.98
893	1165.132
894	1164.86
895	1164.95
896	1165.388
897	1165.464
898	1165.388
899	1165.207
900	1165.539
901	1165.207
902	1165.539
903	1165.388
904	1165.449
905	1164.693
906	1164.829
907	1164.799
908	1164.965
909	1164.709
910	1164.663
911	1164.875
912	1165.222
913	1164.875
914	1165.283
915	1165.358
916	1165.056
917	1164.89
918	1165.116
919	1164.89
920	1164.739
921	1164.467
922	1164.814
923	1164.376
924	1165.6
925	1164.391
926	1164.331
927	1164.225
928	1164.724
929	1164.406
930	1164.663
931	1164.724
932	1164.557
933	1164.18
934	1164.15
935	1164.21
936	1164.557
937	1163.938
938	1164.301
939	1164.603
940	1164.497
941	1164.225
942	1164.074
943	1164.21
944	1163.878
945	1163.953
946	1163.651
947	1163.787
948	1163.878
949	1164.18
950	1163.968
951	1163.847
952	1164.18
953	1164.21
954	1163.832
955	1163.832
956	1163.757
957	1163.893
958	1164.029
959	1163.983
960	1163.863
961	1163.893
962	1163.485
963	1163.485
964	1163.832
965	1163.636
966	1163.696
967	1163.576
968	1163.847
969	1163.953
970	1163.742
971	1163.787
972	1163.289
973	1163.696
974	1163.319
975	1163.696
976	1163.545
977	1163.349
978	1163.44
979	1163.153
980	1162.896
981	1162.76
982	1162.941
983	1163.092
984	1163.047
985	1162.881
986	1163.001
987	1162.85
988	1162.805
989	1162.412
990	1162.518
991	1162.292
992	1162.473
993	1162.669
994	1162.79
995	1162.639
996	1162.714
997	1162.488
998	1162.08
999	1162.095
1000	1162.624
1001	1163.107
1002	1162.639
1003	1162.503
1004	1162.578
1005	1162.503
1006	1162.261
1007	1162.337
1008	1162.125
1009	1161.989
1010	1162.337
1011	1162.307
1012	1162.095
1013	1162.654
1014	1162.307
1015	1162.548
1016	1162.548
1017	1162.563
1018	1162.05
1019	1162.307
1020	1162.412
1021	1162.11
1022	1162.292
1023	1161.763
1024	1161.748
1025	1161.853
1026	1161.959
1027	1161.793
1028	1161.884
1029	1162.02
1030	1161.476
1031	1161.642
1032	1161.627
1033	1161.793
1034	1162.216
1035	1161.34
1036	1161.657
1037	1161.536
1038	1161.521
1039	1161.763
1040	1161.279
1041	1161.642
1042	1161.717
1043	1161.868
1044	1161.959
1045	1161.944
1046	1161.914
1047	1161.884
1048	1161.445
1049	1160.947
1050	1160.992
1051	1161.279
1052	1161.31
1053	1161.944
1054	1161.612
1055	1161.279
1056	1161.189
1057	1161.113
1058	1161.234
1059	1160.781
1060	1160.781
1061	1161.053
1062	1161.657
1063	1161.476
1064	1160.962
1065	1161.325
1066	1161.612
1067	1161.279
1068	1161.279
1069	1160.826
1070	1160.917
1071	1161.098
1072	1161.022
1073	1160.977
1074	1161.083
1075	1160.947
1076	1161.007
1077	1161.174
1078	1160.358
1079	1160.675
1080	1160.584
1081	1160.675
1082	1160.781
1083	1160.584
1084	1160.962
1085	1160.856
1086	1160.539
1087	1160.554
1088	1160.479
1089	1160.448
1090	1160.599
1091	1160.856
1092	1160.554
1093	1160.237
1094	1160.267
1095	1160.494
1096	1160.902
1097	1160.267
1098	1160.297
1099	1160.282
1100	1160.267
1101	1159.769
1102	1160.267
1103	1160.66
1104	1160.494
1105	1160.539
1106	1159.799
1107	1159.92
1108	1160.192
1109	1160.267
1110	1160.358
1111	1160.026
1112	1159.935
1113	1159.739
1114	1159.708
1115	1159.512
1116	1159.693
1117	1159.829
1118	1159.663
1119	1159.693
1120	1159.451
1121	1159.829
1122	1159.678
1123	1159.995
1124	1159.618
1125	1159.754
1126	1159.965
1127	1159.542
1128	1159.708
1129	1159.995
1130	1159.95
1131	1159.859
1132	1159.678
1133	1159.542
1134	1159.421
1135	1159.482
1136	1159.482
1137	1159.482
1138	1159.784
1139	1159.859
1140	1159.406
1141	1159.618
1142	1159.678
1143	1159.497
1144	1159.497
1145	1159.557
1146	1159.421
1147	1159.467
1148	1159.799
1149	1158.998
1150	1159.028
1151	1159.119
1152	1159.21
1153	1159.315
1154	1159.693
1155	1159.028
1156	1158.892
1157	1159.376
1158	1159.044
1159	1159.089
1160	1158.726
1161	1158.892
1162	1158.832
1163	1158.998
1164	1159.436
1165	1159.149
1166	1158.983
1167	1158.862
1168	1158.288
1169	1159.104
1170	1159.028
1171	1158.862
1172	1158.892
1173	1158.5
1174	1158.605
1175	1159.119
1176	1158.938
1177	1158.983
1178	1158.681
1179	1159.028
1180	1158.651
1181	1158.892
1182	1159.542
1183	1159.013
1184	1158.364
1185	1158.772
1186	1158.349
1187	1158.56
1188	1158.741
1189	1158.56
1190	1158.575
1191	1158.469
1192	1158.741
1193	1158.469
1194	1158.077
1195	1158.424
1196	1158.333
1197	1158.122
1198	1158.273
1199	1157.865
1200	1157.986
1201	1158.182
1202	1158.409
1203	1158.681
1204	1158.772
1205	1158.122
1206	1157.926
1207	1158.047
1208	1158.681
1209	1158.469
1210	1158.5
1211	1157.971
1212	1158.349
1213	1158.817
1214	1158.394
1215	1157.85
1216	1158.062
1217	1158.167
1218	1158.092
1219	1157.744
1220	1157.896
1221	1157.533
1222	1157.88
1223	1158.001
1224	1157.76
1225	1157.412
1226	1158.062
1227	1158.213
1228	1157.85
1229	1157.729
1230	1157.941
1231	1158.062
1232	1157.185
1233	1157.352
1234	1157.911
1235	1157.76
1236	1157.926
1237	1157.518
1238	1158.228
1239	1158.318
1240	1157.775
1241	1157.427
1242	1157.624
1243	1157.956
1244	1157.563
1245	1157.321
1246	1157.231
1247	1157.639
1248	1157.488
1249	1156.989
1250	1157.593
1251	1157.593
1252	1157.533
1253	1157.11
1254	1157.533
1255	1157.88
1256	1157.473
1257	1156.702
1258	1157.261
1259	1157.397
1260	1157.684
1261	1157.306
1262	1157.76
1263	1157.608
1264	1157.412
1265	1157.05
1266	1157.261
1267	1157.382
1268	1157.14
1269	1157.624
1270	1157.019
1271	1157.442
1272	1157.185
1273	1156.808
1274	1157.216
1275	1157.065
1276	1157.352
1277	1157.76
1278	1157.503
1279	1157.034
1280	1157.05
1281	1156.808
1282	1157.065
1283	1156.959
1284	1157.08
1285	1156.506
1286	1156.944
1287	1157.473
1288	1157.185
1289	1156.959
1290	1157.246
1291	1157.367
1292	1157.095
1293	1156.868
1294	1157.019
1295	1157.065
1296	1156.642
1297	1156.868
1298	1157.291
1299	1156.385
1300	1156.521
1301	1156.642
1302	1157.065
1303	1156.868
1304	1156.762
1305	1156.808
1306	1156.188
1307	1156.959
1308	1156.944
1309	1156.672
1310	1156.959
1311	1156.717
1312	1157.291
1313	1156.762
1314	1156.793
1315	1156.762
1316	1156.687
1317	1156.823
1318	1156.475
1319	1156.098
1320	1156.672
1321	1156.083
1322	1155.645
1323	1156.717
1324	1156.702
1325	1156.551
1326	1156.702
1327	1156.521
1328	1156.385
1329	1156.309
1330	1156.551
1331	1156.098
1332	1156.234
1333	1156.626
1334	1156.521
1335	1155.599
1336	1155.66
1337	1156.777
1338	1156.566
1339	1155.932
1340	1155.781
1341	1156.113
1342	1155.614
1343	1156.339
1344	1155.705
1345	1156.324
1346	1155.569
1347	1155.992
1348	1156.294
1349	1156.475
1350	1156.188
1351	1156.098
1352	1155.871
1353	1155.509
1354	1155.75
1355	1155.901
1356	1156.022
1357	1156.083
1358	1155.796
1359	1156.128
1360	1155.267
1361	1155.478
1362	1156.022
1363	1155.312
1364	1155.267
1365	1156.037
1366	1155.826
1367	1156.022
1368	1155.72
1369	1155.962
1370	1156.022
1371	1155.886
1372	1155.433
1373	1155.856
1374	1156.083
1375	1155.781
1376	1155.403
1377	1155.962
1378	1154.904
1379	1155.796
1380	1155.222
1381	1155.524
1382	1155.811
1383	1155.645
1384	1155.554
1385	1155.206
1386	1155.312
1387	1155.327
1388	1155.433
1389	1155.342
1390	1155.584
1391	1155.388
1392	1155.614
1393	1155.433
1394	1155.765
1395	1155.584
1396	1155.675
1397	1155.297
1398	1155.433
1399	1155.448
1400	1155.509
1401	1155.025
1402	1155.433
1403	1155.01
1404	1155.025
1405	1155.509
1406	1155.01
1407	1154.904
1408	1155.267
1409	1154.98
1410	1155.282
1411	1155.252
1412	1155.509
1413	1155.101
1414	1154.678
1415	1154.557
1416	1154.768
1417	1154.617
1418	1154.663
1419	1154.768
1420	1154.814
1421	1154.919
1422	1154.708
1423	1155.146
1424	1155.146
1425	1154.723
1426	1154.587
1427	1154.511
1428	1154.799
1429	1154.95
1430	1155.267
1431	1154.995
1432	1154.663
1433	1154.98
1434	1154.527
1435	1154.602
1436	1154.723
1437	1154.904
1438	1154.874
1439	1154.436
1440	1154.421
1441	1154.768
1442	1154.36
1443	1154.27
1444	1154.617
1445	1154.436
1446	1154.95
1447	1154.345
1448	1154.602
1449	1154.738
1450	1154.542
1451	1154.36
1452	1154.466
1453	1154.391
1454	1154.496
1455	1154.164
1456	1154.33
1457	1154.255
1458	1154.572
1459	1154.466
1460	1154.224
1461	1154.255
1462	1154.3
1463	1154.24
1464	1154.058
1465	1154.149
1466	1153.696
1467	1153.892
1468	1154.013
1469	1153.635
1470	1153.454
1471	1154.058
1472	1154.27
1473	1153.484
1474	1154.073
1475	1154.028
1476	1153.666
1477	1154.255
1478	1154.134
1479	1154.224
1480	1153.892
1481	1154.164
1482	1153.711
1483	1153.379
1484	1154.179
1485	1154.315
1486	1154.089
1487	1154.089
1488	1153.62
1489	1153.605
1490	1154.073
1491	1153.696
1492	1153.651
1493	1153.968
1494	1153.726
1495	1153.499
1496	1153.409
1497	1153.907
1498	1153.273
1499	1153.696
1500	1152.88
1501	1153.076
1502	1153.333
1503	1153.122
1504	1153.228
1505	1153.076
1506	1153.122
1507	1153.016
1508	1153.59
1509	1153.212
1510	1153.348
1511	1153.454
1512	1153.031
1513	1153.046
1514	1153.484
1515	1153.394
1516	1153.107
1517	1153.258
1518	1153.651
1519	1152.85
1520	1152.669
1521	1153.515
1522	1153.182
1523	1152.986
1524	1153.031
1525	1152.925
1526	1153.046
1527	1153.273
1528	1152.971
1529	1153.061
1530	1152.699
1531	1152.578
1532	1152.91
1533	1153.197
1534	1152.805
1535	1152.669
1536	1152.865
1537	1152.805
1538	1152.88
1539	1152.684
1540	1152.835
1541	1152.276
1542	1152.291
1543	1152.699
1544	1152.472
1545	1152.684
1546	1152.714
1547	1151.943
1548	1152.82
1549	1152.412
1550	1152.533
1551	1152.397
1552	1152.563
1553	1152.276
1554	1152.079
1555	1152.457
1556	1152.064
1557	1152.759
1558	1152.382
1559	1151.807
1560	1151.868
1561	1152.064
1562	1151.566
1563	1152.261
1564	1151.823
1565	1152.14
1566	1152.094
1567	1152.729
1568	1151.943
1569	1151.656
1570	1151.989
1571	1151.52
1572	1151.792
1573	1151.717
1574	1151.974
1575	1151.989
1576	1151.777
1577	1151.838
1578	1151.672
1579	1151.656
1580	1151.868
1581	1151.566
1582	1152.049
1583	1151.792
1584	1151.672
1585	1151.777
1586	1151.868
1587	1151.339
1588	1151.611
1589	1151.641
1590	1151.43
1591	1151.551
1592	1151.294
1593	1151.4
1594	1151.173
1595	1151.294
1596	1151.067
1597	1151.43
1598	1151.611
1599	1151.445
1600	1151.415
1601	1151.505
1602	1151.158
1603	1151.052
1604	1151.218
1605	1151.128
1606	1150.871
1607	1151.445
1608	1151.128
1609	1151.173
1610	1150.871
1611	1150.659
1612	1151.264
1613	1151.4
1614	1151.143
1615	1151.037
1616	1150.795
1617	1150.674
1618	1150.674
1619	1150.674
1620	1150.871
1621	1151.037
1622	1150.856
1623	1150.478
1624	1151.052
1625	1150.735
1626	1150.871
1627	1150.81
1628	1150.78
1629	1150.493
1630	1150.554
1631	1151.052
1632	1150.841
1633	1150.901
1634	1150.992
1635	1151.037
1636	1150.569
1637	1150.599
1638	1150.131
1639	1150.584
1640	1150.795
1641	1150.538
1642	1150.403
1643	1150.372
1644	1150.644
1645	1150.871
1646	1150.327
1647	1149.995
1648	1150.569
1649	1149.995
1650	1150.267
1651	1149.783
1652	1149.98
1653	1149.693
1654	1149.813
1655	1149.708
1656	1149.632
1657	1149.541
1658	1150.312
1659	1149.813
1660	1150.403
1661	1149.572
1662	1149.602
1663	1149.602
1664	1149.632
1665	1149.149
1666	1150.085
1667	1149.828
1668	1149.677
1669	1149.723
1670	1149.436
1671	1149.647
1672	1149.662
1673	1149.783
1674	1150.01
1675	1149.98
1676	1149.768
1677	1149.406
1678	1149.949
1679	1149.964
1680	1149.466
1681	1149.275
1682	1149.224
1683	1149.647
1684	1149.451
1685	1149.964
1686	1149.375
1687	1149.406
1688	1149.451
1689	1149.557
1690	1149.118
1691	1148.877
1692	1149.028
1693	1148.529
1694	1149.254
1695	1149.254
1696	1148.847
1697	1148.711
1698	1148.786
1699	1149.27
1700	1149.526
1701	1149.3
1702	1149.088
1703	1149.043
1704	1148.922
1705	1149.134
1706	1149.224
1707	1148.771
1708	1148.726
1709	1148.695
1710	1149.134
1711	1149.33
1712	1149.134
1713	1148.529
1714	1148.892
1715	1149.118
1716	1148.439
1717	1148.967
1718	1148.967
1719	1148.771
1720	1148.922
1721	1148.771
1722	1149.134
1723	1148.967
1724	1148.65
1725	1148.68
1726	1148.106
1727	1148.378
1728	1148.499
1729	1148.333
1730	1148.061
1731	1148.65
1732	1148.952
1733	1148.303
1734	1148.197
1735	1148.137
1736	1148.62
1737	1148.348
1738	1148.318
1739	1148.408
1740	1148.121
1741	1148.575
1742	1148.106
1743	1148.212
1744	1148.288
1745	1147.834
1746	1148.484
1747	1147.97
1748	1147.714
1749	1147.457
1750	1147.487
1751	1148.333
1752	1148.031
1753	1148.167
1754	1147.849
1755	1148.272
1756	1148.182
1757	1147.744
1758	1148.046
1759	1148.076
1760	1147.955
1761	1147.185
1762	1147.532
1763	1148.137
1764	1148.031
1765	1147.457
1766	1147.381
1767	1147.849
1768	1147.593
1769	1147.396
1770	1147.608
1771	1147.139
1772	1147.139
1773	1147.396
1774	1147.396
1775	1147.578
1776	1147.925
1777	1147.789
1778	1147.547
1779	1147.683
1780	1147.547
1781	1147.019
1782	1147.396
1783	1147.608
1784	1147.321
1785	1147.532
1786	1147.532
1787	1147.442
1788	1147.381
1789	1147.155
1790	1147.804
1791	1147.97
1792	1147.381
1793	1147.502
1794	1147.668
1795	1147.653
1796	1147.2
1797	1147.487
1798	1147.306
1799	1146.868
1800	1147.487
1801	1147.14
1802	1146.973
1803	1147.215
1804	1146.898
1805	1147.079
1806	1147.396
1807	1146.973
1808	1146.822
1809	1146.807
1810	1147.427
1811	1147.064
1812	1147.124
1813	1147.351
1814	1146.868
1815	1147.381
1816	1147.306
1817	1146.55
1818	1147.2
1819	1147.336
1820	1146.928
1821	1146.852
1822	1146.837
1823	1147.004
1824	1146.565
1825	1146.777
1826	1146.868
1827	1146.792
1828	1146.988
1829	1147.23
1830	1146.822
1831	1146.762
1832	1146.46
1833	1146.747
1834	1147.321
1835	1146.369
1836	1146.641
1837	1146.581
1838	1146.716
1839	1146.429
1840	1146.868
1841	1146.701
1842	1146.701
1843	1146.732
1844	1146.49
1845	1146.233
1846	1146.399
1847	1146.414
1848	1146.716
1849	1146.837
1850	1146.762
1851	1146.158
1852	1145.825
1853	1146.233
1854	1146.309
1855	1146.445
1856	1146.445
1857	1146.263
1858	1146.233
1859	1146.837
1860	1146.394
1861	1145.901
1862	1146.127
1863	1145.825
1864	1145.765
1865	1146.248
1866	1146.067
1867	1146.505
1868	1146.006
1869	1145.976
1870	1145.493
1871	1146.429
1872	1146.052
1873	1146.324
1874	1145.976
1875	1146.097
1876	1145.81
1877	1145.448
1878	1145.855
1879	1145.916
1880	1146.037
1881	1145.583
1882	1146.022
1883	1146.354
1884	1145.795
1885	1146.309
1886	1145.81
1887	1145.961
1888	1145.886
1889	1145.916
1890	1145.357
1891	1146.052
1892	1146.022
1893	1145.991
1894	1145.87
1895	1145.704
1896	1146.022
1897	1145.735
1898	1146.127
1899	1145.538
1900	1145.825
1901	1145.523
1902	1144.904
1903	1144.858
1904	1145.659
1905	1145.81
1906	1145.448
1907	1145.493
1908	1145.297
1909	1145.478
1910	1145.13
1911	1146.203
1912	1145.206
1913	1145.75
1914	1145.432
1915	1145.493
1916	1145.719
1917	1145.493
1918	1145.281
1919	1144.828
1920	1144.828
1921	1145.372
1922	1145.387
1923	1145.463
1924	1145.599
1925	1144.481
1926	1145.115
1927	1145.01
1928	1145.87
1929	1145.025
1930	1145.357
1931	1145.463
1932	1145.221
1933	1145.176
1934	1145.251
1935	1144.42
1936	1145.085
1937	1145.176
1938	1145.417
1939	1145.342
1940	1145.191
1941	1145.478
1942	1144.904
1943	1144.647
1944	1144.889
1945	1145.266
1946	1145.266
1947	1145.372
1948	1144.874
1949	1144.813
1950	1144.269
1951	1145.266
1952	1145.251
1953	1145.145
1954	1145.085
1955	1145.085
1956	1144.843
1957	1144.738
1958	1144.707
1959	1144.692
1960	1145.176
1961	1144.571
1962	1144.511
1963	1144.964
1964	1144.315
1965	1145.025
1966	1145.01
1967	1145.01
1968	1144.768
1969	1144.511
1970	1145.115
1971	1144.919
1972	1144.36
1973	1144.722
1974	1144.647
1975	1144.662
1976	1144.949
1977	1144.647
1978	1144.768
1979	1144.617
1980	1144.435
1981	1144.707
1982	1144.179
1983	1144.722
1984	1144.586
1985	1144.118
1986	1144.435
1987	1144.42
1988	1144.269
1989	1144.45
1990	1144.722
1991	1144.571
1992	1144.027
1993	1144.677
1994	1144.753
1995	1144.858
1996	1144.511
1997	1144.843
1998	1144.315
1999	1144.088
2000	1144.692
2001	1144.118
2002	1144.39
2003	1144.163
2004	1144.45
2005	1144.39
2006	1143.892
2007	1143.831
2008	1144.496
2009	1144.027
2010	1144.466
2011	1144.42
2012	1144.33
2013	1143.876
2014	1144.148
2015	1144.42
2016	1144.209
2017	1144.481
2018	1143.876
2019	1144.345
2020	1143.892
2021	1143.876
2022	1144.345
2023	1144.269
2024	1144.36
2025	1144.088
2026	1144.133
2027	1144.36
2028	1143.997
2029	1144.133
2030	1144.179
2031	1143.771
2032	1143.559
2033	1143.574
2034	1143.74
2035	1143.725
2036	1143.318
2037	1144.209
2038	1144.179
2039	1144.239
2040	1144.496
2041	1143.816
2042	1143.801
2043	1143.771
2044	1143.922
2045	1143.574
2046	1143.423
2047	1144.103
2048	1143.922
2049	1144.073
2050	1143.922
2051	1143.408
2052	1143.574
2053	1143.469
2054	1143.756
2055	1143.861
2056	1143.529
2057	1143.876
2058	1143.71
2059	1143.74
2060	1143.514
2061	1143.695
2062	1144.209
2063	1143.091
2064	1143.967
2065	1143.937
2066	1143.65
2067	1143.952
2068	1143.756
2069	1144.269
2070	1143.695
2071	1143.604
2072	1143.635
2073	1143.529
2074	1143.771
2075	1143.544
2076	1143.514
2077	1143.801
2078	1143.393
2079	1143.846
2080	1143.529
2081	1143.197
2082	1143.212
2083	1143.242
2084	1143.363
2085	1143.348
2086	1143.952
2087	1143.227
2088	1142.895
2089	1143.287
2090	1143.302
2091	1143.121
2092	1143.574
2093	1143.302
2094	1143.106
2095	1143.015
2096	1143.257
2097	1143.227
2098	1143.197
2099	1143.62
2100	1143.529
2101	1143.423
2102	1143.106
2103	1143.604
2104	1143.046
2105	1143.484
2106	1143.318
2107	1143.408
2108	1143.272
2109	1143.287
2110	1143.453
2111	1143.423
2112	1142.895
2113	1142.985
2114	1142.744
2115	1143.272
2116	1143.076
2117	1143.423
2118	1143.182
2119	1143.242
2120	1143
2121	1143.272
2122	1143.167
2123	1143.604
2124	1143.408
2125	1142.955
2126	1143.363
2127	1143.076
2128	1143.046
2129	1143.182
2130	1142.834
2131	1142.456
2132	1142.834
2133	1142.577
2134	1142.834
2135	1142.864
2136	1142.864
2137	1142.759
2138	1142.592
2139	1143.242
2140	1143.408
2141	1142.592
2142	1142.547
2143	1143.272
2144	1142.834
2145	1142.562
2146	1142.91
2147	1142.608
2148	1142.713
2149	1142.955
2150	1142.653
2151	1142.683
2152	1142.879
2153	1143.031
2154	1142.849
2155	1142.321
2156	1142.532
2157	1142.849
2158	1142.91
2159	1142.744
2160	1142.819
2161	1142.411
2162	1142.849
2163	1141.761
2164	1142.623
2165	1143.015
2166	1142.23
2167	1142.184
2168	1142.623
2169	1142.033
2170	1142.245
2171	1142.668
2172	1142.895
2173	1143.076
2174	1142.789
2175	1142.879
2176	1142.094
2177	1142.728
2178	1142.26
2179	1142.154
2180	1142.411
2181	1141.973
2182	1142.245
2183	1142.351
2184	1142.003
2185	1142.608
2186	1142.91
2187	1142.441
2188	1142.698
2189	1142.139
2190	1142.381
2191	1142.396
2192	1142.23
2193	1141.913
2194	1142.245
2195	1142.381
2196	1142.29
2197	1142.048
2198	1142.305
2199	1142.502
2200	1142.502
2201	1142.109
2202	1142.094
2203	1142.456
2204	1142.018
2205	1141.913
2206	1142.426
2207	1142.109
2208	1142.305
2209	1142.305
2210	1141.822
2211	1142.562
2212	1142.441
2213	1142.139
2214	1142.29
2215	1142.381
2216	1141.822
2217	1141.958
2218	1141.157
2219	1141.882
2220	1142.713
2221	1142.154
2222	1142.169
2223	1142.139
2224	1142.064
2225	1142.562
2226	1142.245
2227	1141.807
2228	1142.094
2229	1142.215
2230	1142.139
2231	1142.305
2232	1141.897
2233	1142.245
2234	1142.139
2235	1142.124
2236	1141.822
2237	1142.018
2238	1141.746
2239	1141.731
2240	1141.731
2241	1141.656
2242	1142.154
2243	1141.897
2244	1141.293
2245	1141.61
2246	1141.565
2247	1141.716
2248	1142.033
2249	1142.169
2250	1141.746
2251	1141.474
2252	1142.018
2253	1141.641
2254	1141.898
2255	1141.898
2256	1141.656
2257	1141.716
2258	1141.852
2259	1141.248
2260	1141.384
2261	1141.882
2262	1141.414
2263	1141.354
2264	1141.55
2265	1141.444
2266	1141.807
2267	1141.913
2268	1141.595
2269	1141.444
2270	1141.58
2271	1141.792
2272	1141.369
2273	1141.807
2274	1141.761
2275	1141.625
2276	1141.656
2277	1141.686
2278	1141.61
2279	1141.686
2280	1141.52
2281	1141.233
2282	1141.716
2283	1141.761
2284	1141.308
2285	1141.686
2286	1141.641
2287	1141.565
2288	1141.142
2289	1141.565
2290	1141.414
2291	1141.203
2292	1141.429
2293	1141.746
2294	1140.961
2295	1141.882
2296	1141.943
2297	1141.429
2298	1141.263
2299	1141.414
2300	1141.308
2301	1141.248
2302	1141.52
2303	1141.036
2304	1140.916
2305	1141.339
2306	1141.218
2307	1141.792
2308	1141.399
2309	1141.867
2310	1141.248
2311	1140.916
2312	1141.293
2313	1141.339
2314	1140.734
2315	1140.916
2316	1141.112
2317	1141.036
2318	1141.459
2319	1141.248
2320	1141.172
2321	1141.112
2322	1141.429
2323	1141.248
2324	1141.233
2325	1140.9
2326	1141.248
2327	1140.946
2328	1140.734
2329	1141.369
2330	1141.429
2331	1141.293
2332	1141.142
2333	1141.233
2334	1141.263
2335	1140.885
2336	1141.188
2337	1140.855
2338	1140.326
2339	1140.825
2340	1141.61
2341	1141.112
2342	1140.991
2343	1140.976
2344	1140.765
2345	1140.749
2346	1140.87
2347	1140.795
2348	1140.629
2349	1141.188
2350	1140.931
2351	1141.127
2352	1141.52
2353	1140.749
2354	1141.021
2355	1141.112
2356	1141.203
2357	1140.659
2358	1140.9
2359	1140.946
2360	1140.644
2361	1140.583
2362	1140.87
2363	1140.946
2364	1140.583
2365	1140.583
2366	1141.188
2367	1140.946
2368	1140.538
2369	1140.613
2370	1140.417
2371	1141.218
2372	1140.493
2373	1140.976
2374	1141.052
2375	1140.689
2376	1140.583
2377	1141.293
2378	1140.523
2379	1140.357
2380	1140.508
2381	1140.961
2382	1140.523
2383	1140.644
2384	1140.629
2385	1140.251
2386	1140.07
2387	1140.644
2388	1140.644
2389	1140.644
2390	1140.523
2391	1140.719
2392	1140.749
2393	1140.477
2394	1140.372
2395	1140.221
2396	1140.644
2397	1140.387
2398	1140.432
2399	1140.402
2400	1140.221
2401	1140.704
2402	1140.16
2403	1140.296
2404	1140.644
2405	1140.311
2406	1140.251
2407	1140.326
2408	1140.266
2409	1140.221
2410	1140.342
2411	1141.036
2412	1140.417
2413	1140.266
2414	1140.024
2415	1140.598
2416	1140.432
2417	1140.175
2418	1139.707
2419	1140.1
2420	1140.19
2421	1139.586
2422	1140.266
2423	1140.085
2424	1140.644
2425	1140.523
2426	1139.677
2427	1140.13
2428	1140.674
2429	1140.568
2430	1140.236
2431	1140.326
2432	1140.568
2433	1139.979
2434	1140.659
2435	1140.538
2436	1140.719
2437	1140.583
2438	1140.477
2439	1140.9
2440	1140.538
2441	1140.538
2442	1140.145
2443	1140.145
2444	1140.629
2445	1140.19
2446	1140.311
2447	1140.568
2448	1139.979
2449	1139.193
2450	1139.752
2451	1140.372
2452	1140.024
2453	1140.644
2454	1140.009
2455	1140.009
2456	1139.586
2457	1140.19
2458	1139.919
2459	1140.432
2460	1140.342
2461	1139.873
2462	1139.798
2463	1140.251
2464	1140.372
2465	1139.798
2466	1140.1
2467	1140.13
2468	1139.647
2469	1139.903
2470	1139.767
2471	1139.979
2472	1139.888
2473	1140.281
2474	1139.495
2475	1139.511
2476	1139.707
2477	1139.601
2478	1140.039
2479	1139.344
2480	1139.994
2481	1140.266
2482	1140.085
2483	1139.571
2484	1139.556
2485	1139.798
2486	1140.024
2487	1140.342
2488	1139.767
2489	1139.465
2490	1139.541
2491	1140.13
2492	1140.251
2493	1139.722
2494	1139.782
2495	1139.601
2496	1140.009
2497	1139.964
2498	1139.662
2499	1139.798
2500	1139.526
2501	1139.949
2502	1139.798
2503	1139.571
2504	1139.798
2505	1139.873
2506	1140.342
2507	1139.934
2508	1139.647
2509	1139.45
2510	1139.405
2511	1139.571
2512	1139.662
2513	1139.616
2514	1139.314
2515	1139.435
2516	1139.888
2517	1139.782
2518	1139.798
2519	1139.193
2520	1139.601
2521	1139.662
2522	1139.631
2523	1139.888
2524	1139.692
2525	1139.405
2526	1139.405
2527	1139.677
2528	1139.994
2529	1139.208
2530	1139.42
2531	1139.465
2532	1139.616
2533	1139.299
2534	1139.465
2535	1139.586
2536	1139.208
2537	1139.254
2538	1139.435
2539	1139.677
2540	1139.254
2541	1139.148
2542	1139.314
2543	1139.586
2544	1139.103
2545	1139.239
2546	1139.269
2547	1138.74
2548	1139.163
2549	1139.647
2550	1139.314
2551	1139.148
2552	1138.695
2553	1138.922
2554	1139.269
2555	1139.103
2556	1139.118
2557	1139.027
2558	1139.254
2559	1139.148
2560	1139.526
2561	1139.45
2562	1139.239
2563	1139.012
2564	1139.435
2565	1139.163
2566	1139.148
2567	1138.967
2568	1139.571
2569	1139.616
2570	1139.057
2571	1138.468
2572	1138.211
2573	1138.997
2574	1138.967
2575	1139.193
2576	1138.529
2577	1138.634
2578	1138.68
2579	1138.922
2580	1138.378
2581	1138.816
2582	1139.224
2583	1138.952
2584	1138.438
2585	1138.74
2586	1139.133
2587	1139.042
2588	1138.937
2589	1138.695
2590	1138.015
2591	1138.65
2592	1139.088
2593	1138.68
2594	1138.952
2595	1138.423
2596	1138.574
2597	1138.499
2598	1138.725
2599	1138.77
2600	1138.861
2601	1138.559
2602	1138.861
2603	1138.831
2604	1139.103
2605	1139.224
2606	1138.725
2607	1138.544
2608	1138.71
2609	1138.816
2610	1138.922
2611	1138.952
2612	1138.891
2613	1138.801
2614	1138.181
2615	1138.423
2616	1138.801
2617	1138.786
2618	1138.332
2619	1138.408
2620	1138.317
2621	1138.227
2622	1138.302
2623	1138.937
2624	1138.937
2625	1138.453
2626	1138.634
2627	1138.846
2628	1138.74
2629	1138.68
2630	1138.619
2631	1138.181
2632	1138.302
2633	1138.211
2634	1138.151
2635	1138.65
2636	1138.483
2637	1138.499
2638	1138.483
2639	1138.257
2640	1138.514
2641	1138.091
2642	1138.166
2643	1138.257
2644	1138.725
2645	1138.347
2646	1138.196
2647	1138.06
2648	1137.758
2649	1138.196
2650	1138.302
2651	1138.257
2652	1138.68
2653	1138.725
2654	1138.257
2655	1138.136
2656	1138.211
2657	1138.136
2658	1138.227
2659	1138.423
2660	1138.544
2661	1138.438
2662	1138.317
2663	1137.97
2664	1137.97
2665	1138.453
2666	1138.166
2667	1138.529
2668	1138.136
2669	1137.728
2670	1138.166
2671	1138.363
2672	1138.272
2673	1138.196
2674	1138.589
2675	1137.955
2676	1137.909
2677	1137.909
2678	1137.547
2679	1137.94
2680	1137.985
2681	1138.151
2682	1137.622
2683	1138.045
2684	1138.529
2685	1138.272
2686	1138.181
2687	1138.091
2688	1137.819
2689	1137.441
2690	1137.804
2691	1137.501
2692	1138.227
2693	1137.804
2694	1138.03
2695	1138.121
2696	1137.909
2697	1137.426
2698	1137.592
2699	1137.32
2700	1138.166
2701	1138.227
2702	1137.245
2703	1137.501
2704	1137.426
2705	1138.091
2706	1137.683
2707	1137.592
2708	1137.788
2709	1137.804
2710	1137.396
2711	1137.668
2712	1137.411
2713	1137.637
2714	1137.985
2715	1137.471
2716	1137.622
2717	1137.305
2718	1137.29
2719	1137.773
2720	1137.517
2721	1137.501
2722	1137.985
2723	1137.683
2724	1137.909
2725	1137.305
2726	1137.547
2727	1137.562
2728	1137.32
2729	1137.622
2730	1137.169
2731	1137.814
2732	1137.804
2733	1137.894
2734	1137.668
2735	1137.456
2736	1137.169
2737	1137.154
2738	1137.834
2739	1137.743
2740	1137.501
2741	1138.151
2742	1137.864
2743	1137.018
2744	1137.048
2745	1137.698
2746	1137.275
2747	1137.501
2748	1137.562
2749	1137.29
2750	1137.517
2751	1137.819
2752	1137.199
2753	1137.32
2754	1137.622
2755	1137.773
2756	1137.305
2757	1137.229
2758	1137.078
2759	1137.199
2760	1137.396
2761	1137.139
2762	1137.184
2763	1137.305
2764	1137.305
2765	1137.109
2766	1137.078
2767	1137.471
2768	1137.169
2769	1137.532
2770	1137.607
2771	1137.139
2772	1137.517
2773	1137.078
2774	1137.033
2775	1137.592
2776	1137.305
2777	1136.776
2778	1136.958
2779	1136.852
2780	1136.822
2781	1136.958
2782	1137.668
2783	1137.683
2784	1137.003
2785	1137.396
2786	1137.018
2787	1136.882
2788	1137.335
2789	1136.701
2790	1136.656
2791	1137.381
2792	1137.381
2793	1136.701
2794	1137.607
2795	1137.698
2796	1137.018
2797	1137.018
2798	1137.199
2799	1136.943
2800	1137.048
2801	1136.701
2802	1136.716
2803	1136.973
2804	1136.943
2805	1136.988
2806	1137.003
2807	1137.063
2808	1136.927
2809	1136.807
2810	1137.018
2811	1137.033
2812	1136.293
2813	1137.033
2814	1137.003
2815	1136.897
2816	1136.988
2817	1136.414
2818	1136.399
2819	1136.52
2820	1136.61
2821	1136.656
2822	1136.988
2823	1136.716
2824	1136.807
2825	1136.61
2826	1136.64
2827	1136.761
2828	1136.973
2829	1136.127
2830	1136.263
2831	1136.263
2832	1135.915
2833	1136.021
2834	1137.048
2835	1136.837
2836	1137.275
2837	1137.078
2838	1137.003
2839	1136.459
2840	1136.278
2841	1136.55
2842	1136.656
2843	1136.595
2844	1136.686
2845	1136.671
2846	1136.656
2847	1136.595
2848	1136.58
2849	1136.731
2850	1136.384
2851	1136.656
2852	1136.535
2853	1136.097
2854	1136.157
2855	1136.565
2856	1136.157
2857	1135.976
2858	1136.414
2859	1135.794
2860	1135.779
2861	1136.036
2862	1136.187
2863	1136.444
2864	1135.961
2865	1136.233
2866	1136.61
2867	1136.474
2868	1136.353
2869	1136.353
2870	1136.64
2871	1136.474
2872	1136.172
2873	1135.81
2874	1136.036
2875	1136.127
2876	1136.097
2877	1136.097
2878	1135.9
2879	1135.749
2880	1136.293
2881	1135.9
2882	1136.414
2883	1136.338
2884	1136.399
2885	1136.081
2886	1136.187
2887	1136.338
2888	1136.459
2889	1136.202
2890	1135.628
2891	1136.081
2892	1136.051
2893	1135.84
2894	1136.006
2895	1135.961
2896	1135.764
2897	1136.112
2898	1136.081
2899	1135.719
2900	1135.674
2901	1135.719
2902	1135.356
2903	1135.598
2904	1135.432
2905	1135.628
2906	1135.371
2907	1135.598
2908	1135.779
2909	1135.825
2910	1135.477
2911	1135.84
2912	1135.281
2913	1135.145
2914	1135.175
2915	1135.205
2916	1135.613
2917	1135.341
2918	1135.462
2919	1135.658
2920	1135.9
2921	1135.689
2922	1135.704
2923	1135.628
2924	1135.764
2925	1135.296
2926	1135.266
2927	1135.311
2928	1135.447
2929	1135.387
2930	1135.311
2931	1135.266
2932	1135.598
2933	1135.235
2934	1135.583
2935	1135.794
2936	1135.689
2937	1135.855
2938	1135.628
2939	1135.598
2940	1135.945
2941	1136.081
2942	1135.674
2943	1135.402
2944	1135.266
2945	1135.568
2946	1135.462
2947	1135.9
2948	1135.402
2949	1135.266
2950	1134.752
2951	1135.024
2952	1135.22
2953	1135.794
2954	1135.432
2955	1135.235
2956	1135.326
2957	1135.22
2958	1135.432
2959	1135.084
2960	1134.933
2961	1134.933
2962	1134.933
2963	1135.326
2964	1134.964
2965	1135.794
2966	1135.22
2967	1135.794
2968	1135.462
2969	1135.658
2970	1135.069
2971	1134.843
2972	1135.115
2973	1135.447
2974	1135.507
2975	1135.402
2976	1135.175
2977	1135.538
2978	1135.628
2979	1135.492
2980	1135.115
2981	1134.525
2982	1135.387
2983	1135.387
2984	1134.979
2985	1135.281
2986	1135.507
2987	1135.779
2988	1135.84
2989	1135.689
2990	1135.009
2991	1135.507
2992	1135.084
2993	1135.568
2994	1135.507
2995	1135.311
2996	1134.541
2997	1135.341
2998	1135.432
2999	1135.507
3000	1135.477
3001	1135.266
3002	1134.979
3003	1135.115
3004	1135.235
3005	1135.19
3006	1135.145
3007	1135.024
3008	1134.979
3009	1134.979
3010	1134.933
3011	1135.341
3012	1134.858
3013	1135.054
3014	1134.994
3015	1134.828
3016	1134.797
3017	1135.281
3018	1134.737
3019	1134.903
3020	1134.722
3021	1135.009
3022	1134.948
3023	1135.432
3024	1135.054
3025	1135.024
3026	1135.296
3027	1134.752
3028	1134.933
3029	1135.009
3030	1135.522
3031	1135.251
3032	1135.13
3033	1134.737
3034	1134.858
3035	1135.387
3036	1134.964
3037	1135.205
3038	1135.689
3039	1135.341
3040	1135.22
3041	1134.888
3042	1134.677
3043	1135.371
3044	1134.722
3045	1134.737
3046	1135.522
3047	1135.145
3048	1134.571
3049	1134.873
3050	1134.631
3051	1135.311
3052	1134.873
3053	1134.858
3054	1135.175
3055	1134.948
3056	1135.175
3057	1135.039
3058	1134.812
3059	1134.782
3060	1135.024
3061	1135.19
3062	1134.661
3063	1134.994
3064	1134.541
3065	1134.782
3066	1134.843
3067	1134.782
3068	1134.933
3069	1134.616
3070	1135.175
3071	1134.631
3072	1134.933
3073	1135.024
3074	1134.979
3075	1134.284
3076	1134.102
3077	1134.027
3078	1134.631
3079	1134.389
3080	1134.631
3081	1134.42
3082	1134.692
3083	1135.22
3084	1134.435
3085	1134.314
3086	1134.979
3087	1134.812
3088	1135.311
3089	1134.782
3090	1134.893
3091	1134.933
3092	1134.994
3093	1134.843
3094	1134.858
3095	1134.571
3096	1134.45
3097	1134.692
3098	1134.677
3099	1134.767
3100	1135.281
3101	1134.525
3102	1134.692
3103	1134.994
3104	1134.873
3105	1134.601
3106	1134.42
3107	1134.979
3108	1134.737
3109	1134.238
3110	1133.8
3111	1134.495
3112	1134.692
3113	1134.465
3114	1134.344
3115	1134.541
3116	1134.118
3117	1134.767
3118	1134.601
3119	1134.616
3120	1134.661
3121	1135.009
3122	1134.51
3123	1134.616
3124	1134.435
3125	1134.948
3126	1134.495
3127	1134.812
3128	1133.876
3129	1134.359
3130	1134.118
3131	1133.982
3132	1133.982
3133	1133.966
3134	1134.329
3135	1134.586
3136	1134.193
3137	1133.725
3138	1134.208
3139	1134.087
3140	1134.178
3141	1134.541
3142	1134.042
3143	1134.797
3144	1134.677
3145	1134.48
3146	1134.012
3147	1133.815
3148	1134.525
3149	1134.314
3150	1134.057
3151	1134.102
3152	1134.299
3153	1134.344
3154	1134.148
3155	1134.571
3156	1134.314
3157	1134.118
3158	1134.133
3159	1134.405
3160	1134.057
3161	1133.846
3162	1134.012
3163	1134.163
3164	1134.193
3165	1133.966
3166	1134.208
3167	1134.102
3168	1133.846
3169	1134.223
3170	1133.438
3171	1133.982
3172	1134.314
3173	1134.51
3174	1134.51
3175	1133.906
3176	1133.891
3177	1133.966
3178	1134.057
3179	1134.435
3180	1134.42
3181	1134.299
3182	1134.269
3183	1134.284
3184	1134.948
3185	1134.133
3186	1133.831
3187	1133.785
3188	1134.193
3189	1133.982
3190	1133.725
3191	1133.619
3192	1134.057
3193	1134.51
3194	1134.269
3195	1134.193
3196	1134.102
3197	1133.8
3198	1133.695
3199	1134.148
3200	1133.543
3201	1133.921
3202	1134.193
3203	1133.921
3204	1134.102
3205	1133.543
3206	1133.906
3207	1133.785
3208	1133.423
3209	1133.815
3210	1134.223
3211	1134.208
3212	1134.012
3213	1133.513
3214	1134.374
3215	1134.118
3216	1133.71
3217	1133.785
3218	1133.997
3219	1133.347
3220	1133.936
3221	1134.133
3222	1133.649
3223	1133.8
3224	1133.649
3225	1133.921
3226	1133.483
3227	1133.831
3228	1133.664
3229	1134.087
3230	1134.163
3231	1134.601
3232	1133.921
3233	1133.559
3234	1133.815
3235	1133.634
3236	1133.8
3237	1133.906
3238	1133.906
3239	1134.042
3240	1133.861
3241	1133.649
3242	1133.513
3243	1133.151
3244	1133.347
3245	1133.543
3246	1133.906
3247	1133.831
3248	1133.589
3249	1133.241
3250	1133.241
3251	1133.332
3252	1133.317
3253	1133.392
3254	1133.815
3255	1133.528
3256	1133.453
3257	1132.939
3258	1133.287
3259	1133.604
3260	1133.815
3261	1133.755
3262	1133.634
3263	1133.362
3264	1133.725
3265	1133.543
3266	1133.392
3267	1133.226
3268	1133.438
3269	1133.559
3270	1133.392
3271	1134.208
3272	1133.8
3273	1133.559
3274	1133.377
3275	1133.075
3276	1133.181
3277	1133.151
3278	1133.453
3279	1133.861
3280	1133.77
3281	1133.272
3282	1133.634
3283	1133.241
3284	1133.468
3285	1133.861
3286	1133.559
3287	1133.317
3288	1133.453
3289	1133.951
3290	1133.045
3291	1132.924
3292	1133.453
3293	1133.876
3294	1133.408
3295	1133.03
3296	1133.241
3297	1133.528
3298	1133
3299	1133.136
3300	1133
3301	1133.332
3302	1133.332
3303	1133.559
3304	1133.438
3305	1133.226
3306	1133.136
3307	1133.634
3308	1133.513
3309	1133.559
3310	1133.196
3311	1132.849
3312	1133.12
3313	1133.105
3314	1133.241
3315	1132.879
3316	1133.377
3317	1132.833
3318	1133.347
3319	1133.362
3320	1133.151
3321	1132.773
3322	1132.818
3323	1132.849
3324	1133.105
3325	1133.075
3326	1133.045
3327	1133.151
3328	1133.151
3329	1132.849
3330	1133.151
3331	1133
3332	1132.924
3333	1132.939
3334	1132.728
3335	1132.788
3336	1133.136
3337	1133.241
3338	1133.528
3339	1133.211
3340	1132.773
3341	1133.075
3342	1132.924
3343	1133.377
3344	1133.136
3345	1133.362
3346	1132.788
3347	1133.166
3348	1133.015
3349	1132.758
3350	1132.547
3351	1133.211
3352	1133.272
3353	1132.849
3354	1132.864
3355	1132.909
3356	1133.09
3357	1132.486
3358	1132.788
3359	1133.302
3360	1132.954
3361	1133.166
3362	1133.12
3363	1132.833
3364	1132.788
3365	1132.728
3366	1133.241
3367	1132.954
3368	1132.849
3369	1133.03
3370	1132.833
3371	1132.894
3372	1132.637
3373	1132.849
3374	1132.471
3375	1132.713
3376	1132.411
3377	1132.939
3378	1132.592
3379	1132.985
3380	1133
3381	1132.758
3382	1132.698
3383	1133.196
3384	1132.728
3385	1132.864
3386	1132.713
3387	1132.924
3388	1132.743
3389	1132.939
3390	1132.743
3391	1132.773
3392	1132.516
3393	1132.577
3394	1132.547
3395	1132.577
3396	1132.456
3397	1132.093
3398	1132.199
3399	1132.924
3400	1132.758
3401	1132.411
3402	1132.713
3403	1132.365
3404	1132.516
3405	1132.501
3406	1132.531
3407	1132.244
3408	1132.123
3409	1132.426
3410	1133.08
3411	1132.395
3412	1132.395
3413	1132.577
3414	1132.32
3415	1132.426
3416	1132.244
3417	1132.32
3418	1132.199
3419	1132.078
3420	1132.577
3421	1132.713
3422	1132.395
3423	1132.547
3424	1132.909
3425	1132.38
3426	1132.32
3427	1132.637
3428	1132.471
3429	1132.652
3430	1132.531
3431	1132.501
3432	1132.275
3433	1132.093
3434	1132.003
3435	1132.199
3436	1132.456
3437	1132.365
3438	1132.123
3439	1131.972
3440	1132.244
3441	1132.063
3442	1132.26
3443	1132.048
3444	1131.927
3445	1132.214
3446	1132.411
3447	1132.395
3448	1132.139
3449	1131.882
3450	1132.063
3451	1132.29
3452	1132.35
3453	1132.29
3454	1132.093
3455	1131.836
3456	1132.32
3457	1132.078
3458	1131.852
3459	1131.64
3460	1132.033
3461	1131.731
3462	1131.58
3463	1132.562
3464	1132.275
3465	1131.867
3466	1132.199
3467	1131.459
3468	1132.003
3469	1131.776
3470	1131.398
3471	1131.746
3472	1131.942
3473	1132.335
3474	1132.395
3475	1131.942
3476	1132.29
3477	1131.519
3478	1131.731
3479	1131.519
3480	1131.353
3481	1132.048
3482	1131.791
3483	1131.64
3484	1131.595
3485	1132.154
3486	1131.942
3487	1131.872
3488	1131.338
3489	1131.595
3490	1131.398
3491	1131.927
3492	1131.882
3493	1131.791
3494	1131.746
3495	1131.746
3496	1131.685
3497	1131.897
3498	1131.549
3499	1131.852
3500	1131.459
3501	1131.277
3502	1131.323
3503	1131.353
3504	1131.202
3505	1131.383
3506	1131.262
3507	1131.534
3508	1131.277
3509	1131.836
3510	1131.761
3511	1131.142
3512	1131.142
3513	1131.761
3514	1131.444
3515	1131.534
3516	1131.58
3517	1131.293
3518	1130.975
3519	1130.703
3520	1130.432
3521	1131.096
3522	1131.081
3523	1131.111
3524	1131.368
3525	1131.368
3526	1131.247
3527	1131.293
3528	1131.066
3529	1131.036
3530	1131.232
3531	1130.915
3532	1130.734
3533	1130.96
3534	1131.157
3535	1131.006
3536	1130.975
3537	1130.87
3538	1131.126
3539	1131.036
3540	1131.066
3541	1131.036
3542	1130.779
3543	1131.051
3544	1131.459
3545	1130.945
3546	1130.794
3547	1130.809
3548	1131.202
3549	1131.187
3550	1130.824
3551	1131.247
3552	1130.764
3553	1130.99
3554	1131.036
3555	1130.583
3556	1130.447
3557	1131.096
3558	1130.613
3559	1130.447
3560	1130.16
3561	1130.719
3562	1131.262
3563	1130.975
3564	1130.809
3565	1130.341
3566	1130.658
3567	1131.096
3568	1130.975
3569	1130.794
3570	1130.507
3571	1130.296
3572	1130.492
3573	1130.734
3574	1130.069
3575	1130.734
3576	1131.217
3577	1130.734
3578	1130.462
3579	1130.703
3580	1129.903
3581	1130.175
3582	1130.447
3583	1129.963
3584	1130.764
3585	1130.764
3586	1130.87
3587	1130.311
3588	1131.036
3589	1130.975
3590	1130.552
3591	1130.9
3592	1131.021
3593	1130.417
3594	1130.598
3595	1130.401
3596	1130.432
3597	NaN
3598	1226.57
3599	NaN
3600	1130.054
3601	NaN
3602	NaN
3603	NaN
3604	NaN
3605	NaN
3606	1226.329
3607	1130.25
3608	1130.296
3609	1130.854
3610	1130.235
3611	1130.22
3612	1130.129
3613	1130.205
3614	1131.066
3615	1130.401
3616	1130.069
3617	1130.356
3618	1130.628
3619	1130.009
3620	1129.737
3621	1130.265
3622	1129.857
3623	1130.114
3624	1130.371
3625	1129.994
3626	1129.812
3627	1129.737
3628	1129.948
3629	1130.024
3630	1130.19
3631	1130.16
3632	1129.706
3633	1129.737
3634	1130.401
3635	1130.265
3636	1130.054
3637	1130.114
3638	1129.933
3639	1129.948
3640	1129.858
3641	1129.721
3642	1129.978
3643	1129.963
3644	1129.888
3645	1130.22
3646	1129.888
3647	1129.842
3648	1129.495
3649	1129.706
3650	1129.314
3651	1129.873
3652	1130.22
3653	1130.432
3654	1130.039
3655	1129.646
3656	1130.326
3657	1130.296
3658	1130.099
3659	1129.721
3660	1129.903
3661	1130.054
3662	1129.767
3663	1129.812
3664	1130.175
3665	1129.857
3666	1129.812
3667	1129.072
3668	1129.948
3669	1130.024
3670	1129.721
3671	1129.102
3672	1129.827
3673	1129.721
3674	1129.646
3675	1129.268
3676	1129.434
3677	1129.812
3678	1129.676
3679	1129.223
3680	1129.586
3681	1129.752
3682	1129.857
3683	1129.661
3684	1129.827
3685	1130.311
3686	1129.888
3687	1129.631
3688	1129.193
3689	1129.888
3690	1130.19
3691	1129.873
3692	1129.223
3693	1129.329
3694	1129.283
3695	1129.374
3696	1129.178
3697	1129.344
3698	1129.994
3699	1129.268
3700	1128.921
3701	1129.193
3702	1129.857
3703	1129.434
3704	1129.102
3705	1129.163
3706	1129.45
3707	1129.132
	
	
	
	
	
	
	
	
	
	
	
