1	1225.702
2	1226.092
3	1225.612
4	1225.657
5	1225.912
6	1225.987
7	1225.253
8	1225.223
9	1225.268
10	1225.073
11	1224.908
12	1224.938
13	1224.758
14	1224.863
15	1225.073
16	1224.923
17	1224.563
18	1224.878
19	1224.458
20	1223.994
21	1224.608
22	1224.309
23	1224.204
24	1223.874
25	1223.874
26	1223.469
27	1223.859
28	1223.604
29	1223.395
30	1223.44
31	1223.08
32	1223.32
33	1223.14
34	1223.41
35	1222.81
36	1222.915
37	1222.69
38	1222.96
39	1222.765
40	1222.526
41	1222.346
42	1222.495
43	1221.986
44	1221.611
45	1221.941
46	1222.226
47	1221.836
48	1222.166
49	1221.866
50	1221.432
51	1221.447
52	1221.477
53	1221.042
54	1221.222
55	1220.892
56	1220.218
57	1220.982
58	1220.443
59	1220.802
60	1220.712
61	1220.997
62	1220.308
63	1220.113
64	1220.383
65	1220.338
66	1219.873
67	1219.543
68	1219.768
69	1219.469
70	1219.723
71	1219.558
72	1219.558
73	1219.424
74	1218.974
75	1219.454
76	1219.094
77	1219.124
78	1218.869
79	1218.959
80	1219.079
81	1218.525
82	1218.225
83	1218.345
84	1218.075
85	1217.73
86	1218.135
87	1217.625
88	1217.745
89	1217.161
90	1217.835
91	1217.865
92	1217.101
93	1217.416
94	1217.596
95	1217.116
96	1216.831
97	1217.311
98	1217.026
99	1216.936
100	1216.651
101	1216.562
102	1216.097
103	1216.412
104	1216.622
105	1215.992
106	1216.262
107	1216.607
108	1216.247
109	1216.037
110	1216.292
111	1215.708
112	1215.902
113	1215.677
114	1215.228
115	1215.348
116	1215.483
117	1215.483
118	1215.423
119	1214.748
120	1214.958
121	1214.329
122	1214.644
123	1214.389
124	1214.584
125	1214.149
126	1214.149
127	1214.284
128	1214.269
129	1213.685
130	1213.909
131	1213.774
132	1213.67
133	1213.969
134	1213.28
135	1213.475
136	1213.625
137	1213.565
138	1213.175
139	1213.325
140	1213.475
141	1212.89
142	1213.43
143	1212.815
144	1213.145
145	1212.201
146	1211.781
147	1212.351
148	1212.426
149	1212.621
150	1212.741
151	1212.381
152	1212.006
153	1211.812
154	1211.392
155	1211.946
156	1211.437
157	1211.512
158	1211.077
159	1211.032
160	1210.733
161	1210.238
162	1210.778
163	1210.733
164	1211.017
165	1211.167
166	1210.253
167	1210.598
168	1209.968
169	1210.118
170	1209.624
171	1209.774
172	1210.283
173	1209.399
174	1209.744
175	1209.564
176	1209.938
177	1209.654
178	1209.054
179	1209.084
180	1209.264
181	1209.144
182	1208.979
183	1208.994
184	1208.904
185	1209.294
186	1209.534
187	1209.069
188	1208.68
189	1208.755
190	1208.56
191	1208.365
192	1208.635
193	1208.62
194	1208.275
195	1207.856
196	1208.23
197	1208.005
198	1207.631
199	1207.885
200	1207.661
201	1207.676
202	1207.586
203	1206.956
204	1207.121
205	1206.867
206	1206.971
207	1206.657
208	1206.687
209	1206.822
210	1206.896
211	1206.432
212	1206.507
213	1206.312
214	1206.402
215	1206.042
216	1206.237
217	1205.833
218	1205.458
219	1205.983
220	1205.848
221	1206.057
222	1206.072
223	1205.878
224	1205.758
225	1205.683
226	1205.488
227	1205.533
228	1205.098
229	1205.098
230	1204.724
231	1204.724
232	1205.128
233	1204.364
234	1205.008
235	1204.709
236	1204.229
237	1204.259
238	1204.484
239	1204.349
240	1204.139
241	1204.169
242	1203.795
243	1203.915
244	1204.034
245	1203.915
246	1203.3
247	1203.765
248	1203.705
249	1203.39
250	1202.986
251	1203.555
252	1203.375
253	1203.435
254	1203.885
255	1203.51
256	1202.791
257	1203.255
258	1202.941
259	1202.536
260	1202.761
261	1202.821
262	1202.701
263	1202.161
264	1202.266
265	1202.251
266	1202.146
267	1202.641
268	1202.026
269	1201.577
270	1201.352
271	1201.607
272	1202.176
273	1201.667
274	1201.502
275	1201.832
276	1201.397
277	1201.068
278	1201.187
279	1201.232
280	1201.008
281	1200.648
282	1200.843
283	1200.933
284	1201.068
285	1200.738
286	1201.337
287	1200.603
288	1200.693
289	1200.438
290	1200.543
291	1200.873
292	1200.228
293	1200.288
294	1200.228
295	1199.554
296	1199.899
297	1199.419
298	1199.854
299	1199.689
300	1199.779
301	1199.045
302	1199.404
303	1199.299
304	1199.12
305	1199.344
306	1198.925
307	1199.09
308	1198.835
309	1199
310	1198.61
311	1198.655
312	1199.015
313	1198.835
314	1198.52
315	1198.43
316	1198.895
317	1198.67
318	1198.176
319	1197.966
320	1197.741
321	1198.46
322	1198.385
323	1198.445
324	1197.696
325	1197.876
326	1197.816
327	1197.546
328	1197.846
329	1197.336
330	1197.037
331	1197.306
332	1197.142
333	1197.037
334	1197.726
335	1196.977
336	1196.932
337	1197.441
338	1197.127
339	1197.231
340	1196.932
341	1196.662
342	1196.542
343	1196.287
344	1196.482
345	1196.377
346	1196.003
347	1195.958
348	1195.478
349	1196.033
350	1196.018
351	1196.287
352	1195.463
353	1195.508
354	1195.628
355	1195.943
356	1195.598
357	1195.328
358	1196.018
359	1195.808
360	1195.029
361	1195.208
362	1194.834
363	1194.594
364	1194.819
365	1194.774
366	1194.175
367	1194.609
368	1194.639
369	1194.22
370	1194.759
371	1194.384
372	1194.265
373	1194.309
374	1194.04
375	1193.935
376	1193.875
377	1194.324
378	1194.25
379	1194.354
380	1193.59
381	1193.335
382	1193.126
383	1193.261
384	1193.41
385	1193.321
386	1193.335
387	1192.781
388	1193.021
389	1192.257
390	1192.361
391	1192.391
392	1192.751
393	1192.796
394	1193.021
395	1192.766
396	1192.451
397	1192.317
398	1192.077
399	1192.451
400	1191.912
401	1192.227
402	1192.691
403	1192.062
404	1192.107
405	1192.451
406	1192.212
407	1191.807
408	1192.002
409	1191.657
410	1191.387
411	1191.417
412	1191.373
413	1191.373
414	1191.447
415	1191.133
416	1191.268
417	1191.253
418	1191.373
419	1190.863
420	1190.788
421	1191.088
422	1191.208
423	1191.208
424	1190.848
425	1190.608
426	1190.009
427	1190.413
428	1189.994
429	1189.979
430	1190.533
431	1190.398
432	1190.084
433	1190.503
434	1189.994
435	1190.159
436	1189.574
437	1189.694
438	1189.469
439	1189.604
440	1189.559
441	1189.754
442	1189.889
443	1189.994
444	1189.634
445	1189.844
446	1189.544
447	1189.874
448	1189.754
449	1189.245
450	1189.574
451	1189.23
452	1189.095
453	1189.05
454	1188.975
455	1188.915
456	1188.855
457	1188.421
458	1188.48
459	1188.675
460	1188.81
461	1188.48
462	1187.986
463	1188.286
464	1188.001
465	1187.551
466	1187.926
467	1188.346
468	1188.436
469	1187.806
470	1187.911
471	1187.806
472	1187.327
473	1187.851
474	1187.042
475	1187.432
476	1187.057
477	1187.357
478	1187.297
479	1187.327
480	1187.207
481	1187.102
482	1186.757
483	1187.072
484	1186.847
485	1186.637
486	1186.577
487	1186.083
488	1186.667
489	1186.712
490	1186.383
491	1186.547
492	1186.428
493	1186.413
494	1186.263
495	1186.443
496	1186.023
497	1186.053
498	1186.143
499	1186.353
500	1186.323
501	1186.113
502	1185.933
503	1185.573
504	1185.289
505	1185.648
506	1185.259
507	1185.229
508	1185.379
509	1185.454
510	1185.259
511	1184.989
512	1185.304
513	1185.094
514	1185.274
515	1185.558
516	1185.304
517	1185.259
518	1185.079
519	1184.51
520	1184.584
521	1185.079
522	1185.049
523	1184.51
524	1184.929
525	1185.004
526	1184.794
527	1184.315
528	1184.12
529	1184.03
530	1183.61
531	1183.61
532	1184.09
533	1183.865
534	1183.79
535	1183.82
536	1183.985
537	1183.88
538	1184.075
539	1183.985
540	1184.03
541	1183.76
542	1183.341
543	1182.711
544	1182.771
545	1183.086
546	1183.296
547	1182.801
548	1182.562
549	1182.457
550	1182.502
551	1182.397
552	1182.487
553	1182.562
554	1182.861
555	1182.322
556	1182.532
557	1182.427
558	1182.666
559	1182.292
560	1182.292
561	1182.427
562	1182.277
563	1182.427
564	1182.562
565	1182.472
566	1182.472
567	1182.442
568	1182.322
569	1182.052
570	1182.127
571	1181.842
572	1181.647
573	1182.052
574	1181.693
575	1181.573
576	1181.573
577	1181.333
578	1181.737
579	1181.153
580	1181.168
581	1181.258
582	1180.973
583	1181.348
584	1181.078
585	1181.168
586	1180.674
587	1180.973
588	1180.928
589	1180.898
590	1181.303
591	1181.108
592	1180.913
593	1180.734
594	1180.674
595	1180.719
596	1180.389
597	1179.969
598	1180.134
599	1180.059
600	1180.823
601	1180.554
602	1180.119
603	1180.509
604	1180.164
605	1180.239
606	1180.389
607	1180.254
608	1179.894
609	1180.179
610	1179.939
611	1179.969
612	1179.849
613	1179.969
614	1180.134
615	1180.344
616	1180.359
617	1180.029
618	1179.505
619	1179.37
620	1179.714
621	1179.894
622	1179.699
623	1179.729
624	1179.729
625	1179.864
626	1179.28
627	1179.16
628	1179.4
629	1179.235
630	1179.205
631	1178.95
632	1179.1
633	1179.595
634	1179.37
635	1179.46
636	1178.576
637	1178.92
638	1178.651
639	1178.606
640	1178.995
641	1178.935
642	1179.145
643	1178.92
644	1178.456
645	1178.321
646	1178.156
647	1178.471
648	1178.501
649	1178.681
650	1178.516
651	1178.306
652	1178.201
653	1178.246
654	1178.156
655	1178.456
656	1178.696
657	1178.276
658	1178.306
659	1178.396
660	1177.677
661	1177.692
662	1178.006
663	1178.141
664	1177.751
665	1177.272
666	1177.587
667	1177.886
668	1178.141
669	1177.991
670	1177.377
671	1177.377
672	1177.422
673	1177.632
674	1177.437
675	1177.781
676	1177.422
677	1177.137
678	1176.957
679	1177.077
680	1176.777
681	1177.272
682	1177.182
683	1177.107
684	1177.002
685	1176.837
686	1176.882
687	1177.512
688	1177.017
689	1176.613
690	1176.508
691	1176.703
692	1176.643
693	1176.807
694	1176.718
695	1176.583
696	1176.643
697	1176.313
698	1176.088
699	1176.463
700	1176.463
701	1176.792
702	1176.418
703	1176.163
704	1176.313
705	1176.897
706	1176.882
707	1177.182
708	1177.722
709	1177.946
710	1178.381
711	1178.381
712	1178.231
713	1178.471
714	1178.786
715	1179.07
716	1178.89
717	1178.726
718	1178.86
719	1178.74
720	1179.13
721	1178.845
722	1178.905
723	1178.726
724	1178.486
725	1178.875
726	1178.711
727	1178.711
728	1178.096
729	1178.561
730	1178.74
731	1178.531
732	1178.486
733	1178.246
734	1178.336
735	1179.025
736	1178.336
737	1177.811
738	1178.066
739	1178.216
740	1178.351
741	1178.546
742	1178.171
743	1178.111
744	1178.516
745	1178.441
746	1178.261
747	1178.021
748	1177.886
749	1177.452
750	1178.396
751	1178.306
752	1177.542
753	1177.991
754	1178.096
755	1177.572
756	1177.092
757	1177.482
758	1177.617
759	1177.781
760	1177.242
761	1177.092
762	1177.766
763	1177.961
764	1177.647
765	1177.032
766	1177.182
767	1177.272
768	1177.602
769	1177.796
770	1177.901
771	1177.092
772	1177.122
773	1177.257
774	1176.748
775	1176.837
776	1176.942
777	1177.167
778	1177.467
779	1176.733
780	1176.867
781	1176.583
782	1176.748
783	1177.182
784	1177.242
785	1176.823
786	1176.957
787	1177.677
788	1177.077
789	1177.077
790	1176.703
791	1176.373
792	1176.568
793	1176.448
794	1176.373
795	1176.553
796	1176.882
797	1176.972
798	1176.418
799	1176.673
800	1176.328
801	1176.448
802	1176.328
803	1176.748
804	1176.298
805	1176.223
806	1176.733
807	1176.418
808	1176.088
809	1175.818
810	1176.148
811	1175.998
812	1175.908
813	1175.848
814	1176.043
815	1175.699
816	1175.803
817	1176.328
818	1176.088
819	1175.744
820	1175.744
821	1175.938
822	1176.043
823	1175.759
824	1175.564
825	1175.908
826	1175.684
827	1175.474
828	1175.983
829	1175.594
830	1175.309
831	1175.444
832	1175.249
833	1175.174
834	1175.369
835	1175.354
836	1175.174
837	1174.949
838	1175.599
839	1175.849
840	1175.414
841	1175.249
842	1175.489
843	1175.429
844	1175.414
845	1175.654
846	1175.174
847	1174.44
848	1175.249
849	1175.249
850	1174.62
851	1174.919
852	1175.129
853	1174.964
854	1175.054
855	1174.904
856	1175.114
857	1174.919
858	1174.979
859	1175.024
860	1174.934
861	1175.024
862	1175.069
863	1174.605
864	1174.38
865	1174.305
866	1174.815
867	1174.455
868	1174.425
869	1174.71
870	1174.545
871	1174.38
872	1174.335
873	1174.215
874	1174.32
875	1174.065
876	1173.99
877	1174.08
878	1174.59
879	1173.811
880	1174.08
881	1174.245
882	1173.736
883	1174.38
884	1174.035
885	1173.586
886	1174.29
887	1173.99
888	1173.571
889	1173.93
890	1173.811
891	1173.526
892	1173.691
893	1173.856
894	1173.436
895	1173.706
896	1173.481
897	1173.451
898	1173.421
899	1173.99
900	1173.016
901	1173.481
902	1173.421
903	1173.451
904	1173.466
905	1173.451
906	1172.986
907	1173.121
908	1173.376
909	1173.331
910	1173.421
911	1173.136
912	1172.986
913	1173.121
914	1173.061
915	1173.091
916	1172.777
917	1173.031
918	1172.762
919	1172.837
920	1172.672
921	1173.256
922	1172.792
923	1172.567
924	1172.642
925	1172.537
926	1172.702
927	1172.717
928	1172.432
929	1172.777
930	1172.567
931	1172.672
932	1172.552
933	1172.687
934	1172.537
935	1172.777
936	1172.552
937	1172.282
938	1172.672
939	1172.387
940	1172.372
941	1172.911
942	1172.672
943	1172.462
944	1172.477
945	1172.672
946	1172.372
947	1172.432
948	1172.911
949	1171.982
950	1172.537
951	1172.342
952	1171.967
953	1171.922
954	1172.432
955	1172.192
956	1171.907
957	1171.518
958	1171.608
959	1171.967
960	1172.012
961	1171.938
962	1172.027
963	1172.492
964	1171.938
965	1171.788
966	1172.282
967	1171.743
968	1171.563
969	1171.443
970	1171.698
971	1171.518
972	1172.027
973	1171.907
974	1171.713
975	1171.653
976	1171.548
977	1171.443
978	1171.818
979	1172.042
980	1171.848
981	1171.623
982	1171.503
983	1171.878
984	1171.293
985	1171.473
986	1171.203
987	1171.368
988	1170.754
989	1171.278
990	1171.713
991	1171.233
992	1171.623
993	1171.368
994	1171.128
995	1170.904
996	1171.593
997	1171.413
998	1171.338
999	1171.488
1000	1171.293
1001	1170.724
1002	1171.128
1003	1171.083
1004	1170.694
1005	1170.634
1006	1171.083
1007	1170.889
1008	1170.619
1009	1170.499
1010	1171.083
1011	1171.113
1012	1170.799
1013	1170.964
1014	1170.604
1015	1170.799
1016	1170.964
1017	1170.454
1018	1170.604
1019	1170.889
1020	1170.694
1021	1170.169
1022	1170.289
1023	1170.379
1024	1170.694
1025	1170.844
1026	1170.439
1027	1170.859
1028	1170.484
1029	1170.649
1030	1170.844
1031	1170.634
1032	1170.484
1033	1170.754
1034	1170.454
1035	1170.439
1036	1170.169
1037	1170.829
1038	1170.469
1039	1170.259
1040	1170.334
1041	1170.049
1042	1170.349
1043	1170.454
1044	1170.514
1045	1170.169
1046	1169.959
1047	1170.529
1048	1169.915
1049	1170.349
1050	1169.825
1051	1170.005
1052	1169.974
1053	1169.885
1054	1169.75
1055	1169.765
1056	1169.959
1057	1170.244
1058	1170.214
1059	1170.454
1060	1169.78
1061	1170.109
1062	1169.93
1063	1169.93
1064	1169.735
1065	1169.6
1066	1169.93
1067	1169.6
1068	1169.675
1069	1169.48
1070	1169.57
1071	1169.57
1072	1169.78
1073	1169.735
1074	1169.66
1075	1169.99
1076	1169.39
1077	1169.495
1078	1169.795
1079	1169.66
1080	1169.63
1081	1169.45
1082	1169.345
1083	1169.046
1084	1169.075
1085	1169.57
1086	1169.165
1087	1169.12
1088	1169.42
1089	1169.255
1090	1169.495
1091	1169.51
1092	1169.225
1093	1169.345
1094	1169
1095	1168.746
1096	1168.761
1097	1168.776
1098	1169.375
1099	1169.016
1100	1169.15
1101	1168.956
1102	1169.315
1103	1169.06
1104	1169.21
1105	1168.971
1106	1169.285
1107	1169.225
1108	1168.731
1109	1168.506
1110	1168.881
1111	1168.671
1112	1168.686
1113	1168.911
1114	1168.521
1115	1168.686
1116	1168.401
1117	1168.896
1118	1169.09
1119	1168.896
1120	1168.596
1121	1168.746
1122	1168.836
1123	1168.506
1124	1168.416
1125	1168.851
1126	1168.791
1127	1168.701
1128	1168.971
1129	1168.221
1130	1168.341
1131	1168.551
1132	1168.686
1133	1168.881
1134	1168.386
1135	1168.176
1136	1168.431
1137	1168.461
1138	1168.866
1139	1168.821
1140	1168.956
1141	1168.326
1142	1168.701
1143	1168.311
1144	1168.101
1145	1168.086
1146	1168.281
1147	1168.401
1148	1168.131
1149	1168.491
1150	1168.341
1151	1168.641
1152	1168.386
1153	1167.967
1154	1168.131
1155	1168.266
1156	1168.281
1157	1168.026
1158	1168.416
1159	1168.131
1160	1168.026
1161	1168.251
1162	1167.397
1163	1167.712
1164	1167.742
1165	1167.487
1166	1167.547
1167	1167.832
1168	1167.862
1169	1167.322
1170	1167.607
1171	1168.042
1172	1167.682
1173	1167.892
1174	1167.742
1175	1167.667
1176	1167.577
1177	1167.772
1178	1167.637
1179	1167.442
1180	1167.427
1181	1167.682
1182	1167.667
1183	1167.547
1184	1166.858
1185	1167.427
1186	1167.547
1187	1167.112
1188	1167.457
1189	1167.352
1190	1167.202
1191	1167.817
1192	1167.367
1193	1167.817
1194	1167.262
1195	1167.232
1196	1167.652
1197	1166.918
1198	1167.607
1199	1167.157
1200	1167.202
1201	1167.427
1202	1167.502
1203	1167.187
1204	1167.262
1205	1167.247
1206	1167.232
1207	1166.798
1208	1166.648
1209	1167.247
1210	1167.352
1211	1167.232
1212	1166.633
1213	1167.083
1214	1166.723
1215	1167.083
1216	1166.858
1217	1166.498
1218	1166.723
1219	1166.693
1220	1166.393
1221	1166.768
1222	1166.378
1223	1166.768
1224	1166.888
1225	1166.318
1226	1167.068
1227	1165.854
1228	1166.618
1229	1166.678
1230	1166.453
1231	1166.408
1232	1166.228
1233	1166.648
1234	1167.068
1235	1166.528
1236	1166.318
1237	1165.989
1238	1165.869
1239	1166.213
1240	1166.303
1241	1166.423
1242	1166.483
1243	1166.288
1244	1166.213
1245	1166.543
1246	1166.588
1247	1166.228
1248	1166.468
1249	1166.243
1250	1166.183
1251	1166.363
1252	1165.764
1253	1165.989
1254	1166.213
1255	1166.273
1256	1166.303
1257	1165.974
1258	1165.884
1259	1165.944
1260	1165.974
1261	1165.869
1262	1166.078
1263	1166.348
1264	1166.094
1265	1165.794
1266	1166.004
1267	1165.929
1268	1165.929
1269	1165.959
1270	1165.749
1271	1166.004
1272	1165.464
1273	1165.719
1274	1165.569
1275	1165.884
1276	1165.689
1277	1165.854
1278	1165.749
1279	1165.614
1280	1165.674
1281	1165.764
1282	1165.629
1283	1165.629
1284	1165.569
1285	1165.494
1286	1165.689
1287	1165.794
1288	1165.584
1289	1165.494
1290	1165.374
1291	1165.419
1292	1165.524
1293	1165.719
1294	1165.314
1295	1165.314
1296	1165.164
1297	1165.224
1298	1164.97
1299	1165.12
1300	1164.925
1301	1165.164
1302	1165.614
1303	1165.194
1304	1165.344
1305	1165.075
1306	1165.449
1307	1165.344
1308	1165.449
1309	1164.97
1310	1164.85
1311	1165.359
1312	1164.94
1313	1164.805
1314	1164.52
1315	1164.73
1316	1165.104
1317	1165.164
1318	1165.015
1319	1165.164
1320	1165.284
1321	1165.12
1322	1165.089
1323	1165.254
1324	1164.835
1325	1164.91
1326	1164.97
1327	1165
1328	1164.94
1329	1164.7
1330	1165.149
1331	1164.775
1332	1165.03
1333	1164.745
1334	1164.43
1335	1164.865
1336	1164.67
1337	1164.82
1338	1165.179
1339	1164.715
1340	1164.775
1341	1164.4
1342	1165.015
1343	1165.344
1344	1164.58
1345	1164.76
1346	1164.76
1347	1164.55
1348	1164.505
1349	1164.61
1350	1164.46
1351	1164.355
1352	1164.415
1353	1164.73
1354	1164.355
1355	1164.46
1356	1164.505
1357	1164.43
1358	1164.715
1359	1164.745
1360	1164.445
1361	1164.176
1362	1164.52
1363	1164.25
1364	1164.22
1365	1164.325
1366	1164.475
1367	1164.041
1368	1164.176
1369	1163.996
1370	1163.696
1371	1164.041
1372	1164.205
1373	1164.34
1374	1163.741
1375	1163.786
1376	1164.37
1377	1164.19
1378	1163.801
1379	1163.966
1380	1164.026
1381	1163.876
1382	1164.161
1383	1163.816
1384	1163.681
1385	1164.355
1386	1163.891
1387	1163.771
1388	1164.13
1389	1163.741
1390	1163.846
1391	1163.576
1392	1164.056
1393	1163.456
1394	1163.741
1395	1163.816
1396	1163.771
1397	1163.231
1398	1163.516
1399	1163.546
1400	1163.381
1401	1163.741
1402	1163.591
1403	1163.321
1404	1163.786
1405	1163.801
1406	1164.011
1407	1163.561
1408	1163.471
1409	1163.531
1410	1163.381
1411	1163.336
1412	1163.156
1413	1163.201
1414	1163.231
1415	1163.351
1416	1163.276
1417	1163.007
1418	1163.007
1419	1163.396
1420	1163.172
1421	1163.112
1422	1163.336
1423	1163.082
1424	1163.082
1425	1163.291
1426	1162.962
1427	1163.471
1428	1163.246
1429	1163.052
1430	1162.812
1431	1162.827
1432	1163.156
1433	1162.857
1434	1163.007
1435	1162.737
1436	1162.917
1437	1163.156
1438	1163.007
1439	1162.872
1440	1162.362
1441	1162.962
1442	1162.452
1443	1162.737
1444	1162.707
1445	1162.317
1446	1162.512
1447	1162.467
1448	1162.887
1449	1162.707
1450	1162.362
1451	1162.048
1452	1162.662
1453	1162.617
1454	1162.227
1455	1162.617
1456	1162.587
1457	1162.872
1458	1162.213
1459	1162.782
1460	1162.272
1461	1162.347
1462	1162.602
1463	1161.793
1464	1162.452
1465	1162.213
1466	1162.542
1467	1162.692
1468	1162.632
1469	1162.512
1470	1162.332
1471	1162.437
1472	1162.452
1473	1162.003
1474	1162.123
1475	1162.138
1476	1162.302
1477	1162.153
1478	1161.883
1479	1162.153
1480	1161.943
1481	1162.167
1482	1162.198
1483	1162.317
1484	1161.838
1485	1161.718
1486	1161.973
1487	1161.808
1488	1162.332
1489	1162.242
1490	1162.108
1491	1161.793
1492	1161.583
1493	1161.508
1494	1161.898
1495	1161.658
1496	1161.523
1497	1161.868
1498	1161.868
1499	1161.808
1500	1161.283
1501	1161.493
1502	1161.583
1503	1161.703
1504	1161.913
1505	1161.388
1506	1162.227
1507	1161.568
1508	1161.568
1509	1161.553
1510	1161.044
1511	1161.268
1512	1161.298
1513	1160.969
1514	1161.418
1515	1161.358
1516	1161.373
1517	1161.044
1518	1161.119
1519	1161.433
1520	1161.328
1521	1161.523
1522	1160.999
1523	1161.373
1524	1161.254
1525	1160.954
1526	1161.194
1527	1161.179
1528	1161.149
1529	1161.104
1530	1161.418
1531	1160.639
1532	1161.268
1533	1161.029
1534	1161.134
1535	1160.954
1536	1161.403
1537	1160.909
1538	1161.089
1539	1161.149
1540	1161.089
1541	1160.909
1542	1160.624
1543	1160.624
1544	1161.059
1545	1160.429
1546	1160.879
1547	1160.864
1548	1160.489
1549	1161.044
1550	1161.463
1551	1161.178
1552	1161.104
1553	1161.074
1554	1160.789
1555	1160.684
1556	1160.744
1557	1160.684
1558	1160.789
1559	1160.684
1560	1160.654
1561	1160.609
1562	1160.639
1563	1160.399
1564	1160.429
1565	1160.654
1566	1160.16
1567	1160.699
1568	1160.564
1569	1160.234
1570	1160.324
1571	1160.429
1572	1159.95
1573	1160.534
1574	1160.684
1575	1160.309
1576	1160.759
1577	1160.549
1578	1160.115
1579	1160.564
1580	1160.489
1581	1160.115
1582	1160.939
1583	1161.029
1584	1160.354
1585	1160.714
1586	1160.714
1587	1160.115
1588	1160.279
1589	1160.339
1590	1160.579
1591	1160.549
1592	1160.609
1593	1160.265
1594	1159.845
1595	1160.534
1596	1160.309
1597	1160.175
1598	1160.279
1599	1159.65
1600	1160.564
1601	1160.564
1602	1160.04
1603	1160.339
1604	1160.504
1605	1159.8
1606	1159.995
1607	1160.145
1608	1160.025
1609	1159.935
1610	1159.83
1611	1159.59
1612	1160.04
1613	1159.98
1614	1159.74
1615	1160.025
1616	1160.219
1617	1159.635
1618	1159.83
1619	1160.265
1620	1159.905
1621	1159.8
1622	1159.995
1623	1160.16
1624	1159.68
1625	1159.785
1626	1159.53
1627	1159.47
1628	1159.905
1629	1160.07
1630	1159.785
1631	1159.665
1632	1159.505
1633	1159.126
1634	1159.68
1635	1160.04
1636	1159.695
1637	1159.126
1638	1159.44
1639	1159.605
1640	1159.231
1641	1159.695
1642	1159.575
1643	1159.545
1644	1159.665
1645	1159.066
1646	1159.141
1647	1159.38
1648	1159.515
1649	1159.141
1650	1159.785
1651	1158.826
1652	1159.291
1653	1159.395
1654	1159.5
1655	1159.56
1656	1158.841
1657	1159.335
1658	1159.455
1659	1159.35
1660	1158.871
1661	1159.335
1662	1159.006
1663	1158.826
1664	1159.306
1665	1159.276
1666	1158.751
1667	1159.126
1668	1159.605
1669	1159.126
1670	1159.335
1671	1159.276
1672	1159.515
1673	1158.871
1674	1158.751
1675	1159.081
1676	1158.781
1677	1159.006
1678	1159.066
1679	1158.991
1680	1158.751
1681	1158.841
1682	1158.826
1683	1158.706
1684	1158.961
1685	1158.946
1686	1158.901
1687	1158.646
1688	1159.186
1689	1159.066
1690	1158.811
1691	1158.886
1692	1158.976
1693	1158.856
1694	1158.706
1695	1158.466
1696	1159.156
1697	1158.976
1698	1159.156
1699	1158.826
1700	1159.051
1701	1158.691
1702	1158.841
1703	1158.736
1704	1158.886
1705	1158.706
1706	1158.017
1707	1158.586
1708	1158.616
1709	1158.276
1710	1158.286
1711	1158.406
1712	1158.616
1713	1158.122
1714	1158.481
1715	1158.391
1716	1158.242
1717	1158.271
1718	1158.721
1719	1158.271
1720	1158.167
1721	1158.107
1722	1158.227
1723	1158.361
1724	1158.062
1725	1158.346
1726	1158.331
1727	1158.286
1728	1158.092
1729	1158.062
1730	1158.451
1731	1158.391
1732	1157.612
1733	1158.017
1734	1157.942
1735	1157.567
1736	1157.687
1737	1158.347
1738	1158.242
1739	1158.167
1740	1157.447
1741	1157.822
1742	1158.271
1743	1157.972
1744	1157.972
1745	1157.972
1746	1158.137
1747	1158.227
1748	1157.567
1749	1158.302
1750	1158.406
1751	1158.271
1752	1158.137
1753	1157.822
1754	1158.077
1755	1157.942
1756	1157.567
1757	1157.537
1758	1157.867
1759	1158.257
1760	1157.957
1761	1158.002
1762	1157.477
1763	1157.387
1764	1157.298
1765	1157.897
1766	1157.537
1767	1157.807
1768	1157.762
1769	1158.092
1770	1157.912
1771	1157.957
1772	1157.807
1773	1157.987
1774	1157.717
1775	1157.552
1776	1157.447
1777	1157.178
1778	1157.073
1779	1157.957
1780	1157.387
1781	1156.968
1782	1157.582
1783	1157.447
1784	1157.432
1785	1157.597
1786	1157.417
1787	1157.358
1788	1157.747
1789	1157.298
1790	1157.417
1791	1156.893
1792	1157.507
1793	1157.328
1794	1157.253
1795	1157.088
1796	1157.103
1797	1157.313
1798	1157.672
1799	1157.477
1800	1157.148
1801	1157.432
1802	1157.402
1803	1157.402
1804	1157.372
1805	1157.268
1806	1156.788
1807	1157.163
1808	1157.013
1809	1157.088
1810	1157.687
1811	1157.118
1812	1156.998
1813	1157.208
1814	1157.163
1815	1157.013
1816	1157.268
1817	1157.073
1818	1156.848
1819	1157.642
1820	1157.193
1821	1156.908
1822	1157.253
1823	1156.638
1824	1156.938
1825	1156.863
1826	1156.923
1827	1156.683
1828	1157.013
1829	1156.848
1830	1156.533
1831	1156.548
1832	1156.818
1833	1156.953
1834	1156.848
1835	1156.503
1836	1156.309
1837	1156.249
1838	1156.428
1839	1156.683
1840	1156.339
1841	1156.623
1842	1156.773
1843	1156.713
1844	1156.399
1845	1156.533
1846	1156.788
1847	1156.683
1848	1156.099
1849	1155.589
1850	1156.069
1851	1156.728
1852	1156.578
1853	1156.189
1854	1155.979
1855	1156.249
1856	1156.578
1857	1156.413
1858	1156.383
1859	1156.953
1860	1156.863
1861	1156.279
1862	1156.009
1863	1156.144
1864	1156.264
1865	1156.294
1866	1156.653
1867	1156.009
1868	1156.084
1869	1156.294
1870	1156.638
1871	1155.994
1872	1155.934
1873	1155.859
1874	1155.859
1875	1156.294
1876	1156.369
1877	1156.354
1878	1156.084
1879	1155.544
1880	1156.039
1881	1156.159
1882	1156.114
1883	1156.428
1884	1155.634
1885	1155.409
1886	1155.919
1887	1155.859
1888	1155.679
1889	1156.279
1890	1155.814
1891	1155.574
1892	1156.054
1893	1155.604
1894	1155.919
1895	1155.679
1896	1155.724
1897	1156.069
1898	1156.054
1899	1156.039
1900	1155.469
1901	1155.859
1902	1155.934
1903	1155.454
1904	1155.754
1905	1155.664
1906	1155.709
1907	1155.859
1908	1155.874
1909	1155.245
1910	1155.125
1911	1155.32
1912	1155.409
1913	1155.155
1914	1155.439
1915	1155.709
1916	1155.245
1917	1155.26
1918	1155.574
1919	1155.395
1920	1155.245
1921	1155.125
1922	1154.855
1923	1155.005
1924	1154.855
1925	1155.05
1926	1155.349
1927	1155.26
1928	1155.739
1929	1155.544
1930	1155.559
1931	1155.454
1932	1155.29
1933	1155.634
1934	1155.349
1935	1155.2
1936	1155.664
1937	1155.26
1938	1154.57
1939	1155.11
1940	1154.57
1941	1154.57
1942	1154.915
1943	1154.99
1944	1155.245
1945	1155.095
1946	1154.96
1947	1154.885
1948	1154.9
1949	1154.915
1950	1154.495
1951	1154.84
1952	1155.11
1953	1154.93
1954	1154.945
1955	1154.81
1956	1154.57
1957	1154.75
1958	1154.48
1959	1154.675
1960	1154.885
1961	1154.6
1962	1154.585
1963	1154.615
1964	1154.69
1965	1154.87
1966	1154.735
1967	1154.226
1968	1154.51
1969	1154.885
1970	1154.75
1971	1154.96
1972	1154.81
1973	1154.81
1974	1154.765
1975	1154.51
1976	1154.241
1977	1154.361
1978	1154.361
1979	1154.495
1980	1154.525
1981	1154.406
1982	1154.346
1983	1154.436
1984	1154.45
1985	1154.465
1986	1154.45
1987	1154.48
1988	1154.136
1989	1154.495
1990	1154.795
1991	1155.02
1992	1154.495
1993	1154.555
1994	1154.615
1995	1154.735
1996	1153.851
1997	1154.301
1998	1153.701
1999	1153.731
2000	1153.671
2001	1153.716
2002	1153.986
2003	1154.001
2004	1154.121
2005	1154.106
2006	1154.436
2007	1154.331
2008	1153.521
2009	1153.596
2010	1153.836
2011	1153.956
2012	1154.406
2013	1153.941
2014	1153.641
2015	1154.001
2016	1153.432
2017	1153.701
2018	1154.121
2019	1153.956
2020	1154.091
2021	1153.626
2022	1153.671
2023	1153.821
2024	1153.596
2025	1153.596
2026	1153.566
2027	1153.821
2028	1153.761
2029	1153.641
2030	1153.941
2031	1153.611
2032	1153.581
2033	1153.866
2034	1153.506
2035	1153.596
2036	1153.851
2037	1154.091
2038	1153.926
2039	1153.791
2040	1153.536
2041	1154.001
2042	1153.401
2043	1153.432
2044	1153.147
2045	1153.357
2046	1153.252
2047	1153.372
2048	1153.177
2049	1153.581
2050	1153.536
2051	1153.491
2052	1153.282
2053	1153.267
2054	1153.401
2055	1153.282
2056	1153.282
2057	1153.177
2058	1153.372
2059	1153.117
2060	1152.937
2061	1152.817
2062	1153.102
2063	1153.432
2064	1152.907
2065	1152.787
2066	1152.772
2067	1152.952
2068	1152.772
2069	1152.637
2070	1152.847
2071	1152.667
2072	1152.323
2073	1152.697
2074	1152.562
2075	1152.488
2076	1152.892
2077	1152.607
2078	1152.997
2079	1152.787
2080	1152.862
2081	1153.117
2082	1152.877
2083	1153.461
2084	1152.847
2085	1152.877
2086	1153.072
2087	1153.252
2088	1152.712
2089	1152.652
2090	1153.087
2091	1152.652
2092	1152.577
2093	1152.592
2094	1152.368
2095	1152.697
2096	1152.862
2097	1152.697
2098	1152.473
2099	1152.068
2100	1152.697
2101	1152.682
2102	1152.173
2103	1152.263
2104	1152.263
2105	1152.293
2106	1152.128
2107	1152.652
2108	1152.742
2109	1152.428
2110	1152.428
2111	1152.607
2112	1152.308
2113	1152.712
2114	1152.772
2115	1152.308
2116	1152.023
2117	1151.618
2118	1151.768
2119	1151.873
2120	1152.038
2121	1152.053
2122	1152.023
2123	1151.708
2124	1151.738
2125	1151.948
2126	1152.338
2127	1151.663
2128	1151.364
2129	1151.603
2130	1151.693
2131	1151.933
2132	1152.053
2133	1151.753
2134	1152.098
2135	1152.233
2136	1151.708
2137	1151.678
2138	1151.933
2139	1152.023
2140	1151.693
2141	1151.828
2142	1151.888
2143	1151.618
2144	1151.454
2145	1151.708
2146	1151.648
2147	1151.663
2148	1151.933
2149	1151.514
2150	1151.678
2151	1151.723
2152	1151.409
2153	1151.618
2154	1151.573
2155	1151.678
2156	1151.633
2157	1150.974
2158	1151.124
2159	1151.064
2160	1151.289
2161	1151.064
2162	1150.929
2163	1151.529
2164	1150.989
2165	1151.094
2166	1151.289
2167	1151.394
2168	1151.124
2169	1151.394
2170	1151.304
2171	1151.439
2172	1151.304
2173	1151.289
2174	1151.409
2175	1150.974
2176	1150.914
2177	1151.109
2178	1151.049
2179	1151.079
2180	1150.869
2181	1151.184
2182	1151.169
2183	1151.394
2184	1151.109
2185	1151.154
2186	1150.974
2187	1151.199
2188	1151.274
2189	1150.944
2190	1150.719
2191	1150.794
2192	1150.764
2193	1150.644
2194	1150.719
2195	1150.629
2196	1150.944
2197	1150.674
2198	1150.734
2199	1151.019
2200	1151.259
2201	1150.539
2202	1150.764
2203	1150.584
2204	1150.569
2205	1150.674
2206	1150.36
2207	1150.644
2208	1150.614
2209	1150.614
2210	1150.435
2211	1150.525
2212	1150.554
2213	1150.465
2214	1150.15
2215	1150.27
2216	1150.03
2217	1150.435
2218	1150.689
2219	1150.27
2220	1150.479
2221	1150.824
2222	1150.779
2223	1150.869
2224	1150.599
2225	1150.599
2226	1150.03
2227	1150.39
2228	1150.375
2229	1149.97
2230	1150.255
2231	1150.18
2232	1149.85
2233	1150.375
2234	1150.435
2235	1149.97
2236	1149.985
2237	1150.195
2238	1150.12
2239	1150.045
2240	1150.225
2241	1150.105
2242	1150.12
2243	1149.925
2244	1150.27
2245	1149.925
2246	1150.554
2247	1150.42
2248	1150.51
2249	1150.255
2250	1150.165
2251	1150.015
2252	1150.39
2253	1149.775
2254	1149.865
2255	1150.21
2256	1149.865
2257	1149.955
2258	1149.76
2259	1149.67
2260	1149.236
2261	1150.03
2262	1150.105
2263	1149.88
2264	1150.045
2265	1149.775
2266	1149.835
2267	1149.76
2268	1149.79
2269	1149.835
2270	1149.79
2271	1149.73
2272	1150.18
2273	1150.255
2274	1150
2275	1150.255
2276	1149.94
2277	1149.536
2278	1149.595
2279	1149.431
2280	1149.491
2281	1149.79
2282	1149.82
2283	1149.521
2284	1149.461
2285	1149.865
2286	1149.805
2287	1149.281
2288	1149.551
2289	1149.416
2290	1149.655
2291	1149.73
2292	1149.431
2293	1149.82
2294	1149.715
2295	1149.79
2296	1149.7
2297	1149.461
2298	1149.326
2299	1149.191
2300	1149.476
2301	1149.356
2302	1149.476
2303	1149.476
2304	1149.176
2305	1149.236
2306	1149.491
2307	1149.491
2308	1149.266
2309	1149.311
2310	1149.131
2311	1149.056
2312	1149.266
2313	1149.551
2314	1149.266
2315	1149.431
2316	1149.191
2317	1149.161
2318	1148.891
2319	1148.921
2320	1149.281
2321	1149.326
2322	1149.356
2323	1149.506
2324	1149.311
2325	1148.801
2326	1148.651
2327	1148.696
2328	1149.236
2329	1149.625
2330	1149.416
2331	1149.176
2332	1148.711
2333	1149.056
2334	1149.056
2335	1149.251
2336	1148.606
2337	1148.607
2338	1148.681
2339	1148.891
2340	1148.876
2341	1148.891
2342	1148.681
2343	1149.041
2344	1148.667
2345	1148.322
2346	1148.472
2347	1148.457
2348	1148.667
2349	1148.816
2350	1148.846
2351	1148.996
2352	1148.412
2353	1148.367
2354	1148.831
2355	1148.621
2356	1149.041
2357	1148.606
2358	1148.711
2359	1148.591
2360	1148.562
2361	1148.607
2362	1149.116
2363	1148.517
2364	1148.232
2365	1148.427
2366	1148.502
2367	1148.517
2368	1148.666
2369	1148.442
2370	1148.097
2371	1148.577
2372	1148.696
2373	1148.936
2374	1148.247
2375	1148.487
2376	1148.487
2377	1148.007
2378	1148.127
2379	1148.337
2380	1148.517
2381	1148.531
2382	1148.307
2383	1148.382
2384	1148.651
2385	1148.726
2386	1148.202
2387	1148.531
2388	1148.427
2389	1147.977
2390	1148.142
2391	1147.962
2392	1148.187
2393	1148.247
2394	1148.517
2395	1148.577
2396	1148.172
2397	1148.322
2398	1148.127
2399	1148.262
2400	1148.816
2401	1148.592
2402	1148.307
2403	1148.037
2404	1148.142
2405	1148.187
2406	1147.917
2407	1147.528
2408	1147.917
2409	1148.037
2410	1148.382
2411	1148.187
2412	1147.647
2413	1147.618
2414	1148.142
2415	1147.902
2416	1148.142
2417	1147.917
2418	1147.498
2419	1147.273
2420	1147.842
2421	1147.992
2422	1147.722
2423	1147.647
2424	1147.558
2425	1147.618
2426	1148.007
2427	1148.247
2428	1147.782
2429	1147.692
2430	1147.992
2431	1148.082
2432	1148.127
2433	1147.677
2434	1147.722
2435	1147.647
2436	1147.498
2437	1148.007
2438	1148.202
2439	1148.007
2440	1147.737
2441	1147.273
2442	1147.153
2443	1147.632
2444	1147.677
2445	1147.483
2446	1147.588
2447	1147.573
2448	1147.872
2449	1147.722
2450	1147.737
2451	1147.603
2452	1147.887
2453	1147.797
2454	1147.887
2455	1147.632
2456	1147.138
2457	1147.393
2458	1147.707
2459	1147.588
2460	1146.958
2461	1146.898
2462	1146.913
2463	1146.868
2464	1147.468
2465	1147.393
2466	1146.808
2467	1147.018
2468	1147.198
2469	1147.483
2470	1146.883
2471	1146.688
2472	1146.913
2473	1147.093
2474	1147.273
2475	1147.258
2476	1147.048
2477	1147.558
2478	1147.872
2479	1146.883
2480	1146.988
2481	1146.659
2482	1147.153
2483	1147.243
2484	1147.123
2485	1146.988
2486	1147.168
2487	1147.333
2488	1147.063
2489	1146.883
2490	1147.228
2491	1147.033
2492	1147.078
2493	1147.138
2494	1147.063
2495	1146.868
2496	1146.449
2497	1146.973
2498	1146.823
2499	1147.063
2500	1146.524
2501	1146.494
2502	1146.853
2503	1147.018
2504	1147.063
2505	1146.703
2506	1146.044
2507	1146.464
2508	1146.823
2509	1146.913
2510	1146.853
2511	1146.688
2512	1146.808
2513	1146.494
2514	1146.029
2515	1146.943
2516	1146.509
2517	1146.389
2518	1146.089
2519	1146.284
2520	1146.539
2521	1146.823
2522	1146.659
2523	1146.913
2524	1146.659
2525	1146.868
2526	1146.254
2527	1146.359
2528	1146.389
2529	1146.928
2530	1146.404
2531	1146.029
2532	1146.194
2533	1146.254
2534	1146.823
2535	1146.464
2536	1146.554
2537	1146.539
2538	1146.569
2539	1146.359
2540	1146.314
2541	1146.269
2542	1146.164
2543	1146.644
2544	1146.104
2545	1145.924
2546	1146.224
2547	1146.059
2548	1145.969
2549	1146.299
2550	1146.149
2551	1146.299
2552	1146.074
2553	1145.939
2554	1146.329
2555	1146.104
2556	1146.209
2557	1145.565
2558	1145.655
2559	1146.059
2560	1145.924
2561	1145.505
2562	1145.684
2563	1146.104
2564	1145.894
2565	1146.074
2566	1145.669
2567	1145.295
2568	1145.58
2569	1145.43
2570	1145.984
2571	1146.089
2572	1145.58
2573	1145.744
2574	1145.894
2575	1145.415
2576	1145.49
2577	1145.655
2578	1145.699
2579	1145.954
2580	1145.669
2581	1144.98
2582	1145.609
2583	1145.924
2584	1145.625
2585	1145.325
2586	1145.655
2587	1145.669
2588	1145.954
2589	1145.19
2590	1145.415
2591	1145.699
2592	1145.849
2593	1145.52
2594	1145.415
2595	1145.714
2596	1145.684
2597	1145.609
2598	1145.505
2599	1145.714
2600	1145.475
2601	1145.49
2602	1145.28
2603	1145.265
2604	1145.849
2605	1145.22
2606	1145.37
2607	1145.22
2608	1145.879
2609	1145.37
2610	1144.666
2611	1145.55
2612	1145.115
2613	1145.49
2614	1145.25
2615	1145.55
2616	1145.265
2617	1145.49
2618	1145.07
2619	1145.01
2620	1145.22
2621	1145.205
2622	1145.34
2623	1145.759
2624	1145.13
2625	1144.666
2626	1145.07
2627	1145.19
2628	1145.595
2629	1145.415
2630	1145.1
2631	1145.07
2632	1144.681
2633	1144.77
2634	1145.295
2635	1144.606
2636	1144.92
2637	1144.546
2638	1145.025
2639	1144.95
2640	1144.74
2641	1145.31
2642	1144.845
2643	1144.321
2644	1144.516
2645	1144.83
2646	1144.396
2647	1144.456
2648	1144.74
2649	1145.175
2650	1145.145
2651	1145.115
2652	1145.19
2653	1144.681
2654	1144.77
2655	1144.456
2656	1144.666
2657	1145.1
2658	1144.935
2659	1144.561
2660	1145.04
2661	1144.651
2662	1144.8
2663	1144.74
2664	1144.74
2665	1144.681
2666	1144.576
2667	1144.411
2668	1144.231
2669	1144.381
2670	1144.651
2671	1144.516
2672	1144.636
2673	1144.321
2674	1144.426
2675	1144.366
2676	1144.096
2677	1144.216
2678	1144.501
2679	1144.381
2680	1144.066
2681	1144.336
2682	1144.141
2683	1144.171
2684	1144.351
2685	1144.246
2686	1144.261
2687	1144.396
2688	1144.381
2689	1144.231
2690	1144.845
2691	1144.096
2692	1144.321
2693	1144.785
2694	1144.156
2695	1144.381
2696	1144.381
2697	1144.366
2698	1144.126
2699	1144.051
2700	1144.276
2701	1144.156
2702	1144.531
2703	1143.916
2704	1143.751
2705	1143.976
2706	1144.351
2707	1144.231
2708	1144.261
2709	1143.976
2710	1144.051
2711	1143.841
2712	1144.171
2713	1144.006
2714	1143.766
2715	1144.156
2716	1144.081
2717	1144.111
2718	1143.826
2719	1143.557
2720	1144.321
2721	1143.826
2722	1143.856
2723	1143.991
2724	1143.797
2725	1143.707
2726	1144.051
2727	1144.006
2728	1143.856
2729	1143.886
2730	1143.946
2731	1143.797
2732	1143.332
2733	1143.647
2734	1143.602
2735	1143.901
2736	1143.662
2737	1143.542
2738	1143.766
2739	1143.422
2740	1143.647
2741	1143.661
2742	1143.542
2743	1143.167
2744	1143.587
2745	1143.122
2746	1143.587
2747	1143.841
2748	1143.542
2749	1143.587
2750	1143.632
2751	1143.167
2752	1143.542
2753	1143.871
2754	1143.542
2755	1143.766
2756	1143.587
2757	1143.841
2758	1144.021
2759	1143.661
2760	1143.392
2761	1143.931
2762	1143.272
2763	1143.212
2764	1143.212
2765	1143.047
2766	1143.287
2767	1143.287
2768	1143.392
2769	1143.167
2770	1143.257
2771	1143.272
2772	1143.272
2773	1143.242
2774	1143.467
2775	1143.047
2776	1143.242
2777	1143.407
2778	1143.197
2779	1143.272
2780	1143.587
2781	1143.152
2782	1143.182
2783	1143.107
2784	1143.077
2785	1142.852
2786	1143.032
2787	1143.197
2788	1142.927
2789	1143.077
2790	1142.972
2791	1143.137
2792	1143.257
2793	1143.407
2794	1142.792
2795	1142.972
2796	1142.777
2797	1143.362
2798	1143.167
2799	1143.362
2800	1143.032
2801	1142.673
2802	1142.912
2803	1142.777
2804	1142.897
2805	1143.137
2806	1142.792
2807	1142.852
2808	1142.822
2809	1142.942
2810	1143.017
2811	1142.703
2812	1142.987
2813	1142.628
2814	1142.403
2815	1143.287
2816	1142.688
2817	1142.927
2818	1142.748
2819	1142.867
2820	1142.718
2821	1142.777
2822	1142.433
2823	1142.538
2824	1142.343
2825	1142.777
2826	1142.418
2827	1142.673
2828	1142.448
2829	1142.523
2830	1142.613
2831	1142.313
2832	1142.403
2833	1142.822
2834	1142.598
2835	1142.133
2836	1142.718
2837	1142.403
2838	1142.598
2839	1142.643
2840	1142.253
2841	1142.313
2842	1142.478
2843	1142.388
2844	1142.253
2845	1142.148
2846	1142.268
2847	1141.998
2848	1142.193
2849	1141.953
2850	1142.343
2851	1142.253
2852	1142.688
2853	1142.688
2854	1142.658
2855	1142.223
2856	1142.852
2857	1142.553
2858	1142.433
2859	1142.223
2860	1142.328
2861	1142.283
2862	1142.118
2863	1142.178
2864	1142.148
2865	1142.208
2866	1142.043
2867	1142.013
2868	1142.013
2869	1142.013
2870	1142.418
2871	1142.463
2872	1142.193
2873	1142.523
2874	1141.983
2875	1141.863
2876	1142.358
2877	1141.863
2878	1142.073
2879	1142.298
2880	1142.163
2881	1141.803
2882	1142.358
2883	1142.268
2884	1142.103
2885	1142.448
2886	1141.983
2887	1141.923
2888	1142.178
2889	1142.208
2890	1142.043
2891	1141.699
2892	1141.863
2893	1142.268
2894	1142.118
2895	1141.744
2896	1141.624
2897	1141.908
2898	1141.714
2899	1141.144
2900	1142.373
2901	1141.789
2902	1141.699
2903	1141.669
2904	1141.908
2905	1141.938
2906	1141.893
2907	1141.564
2908	1141.414
2909	1141.669
2910	1141.654
2911	1141.564
2912	1141.878
2913	1141.684
2914	1141.774
2915	1141.279
2916	1141.714
2917	1141.833
2918	1141.878
2919	1141.863
2920	1141.699
2921	1141.699
2922	1141.444
2923	1141.444
2924	1141.354
2925	1141.234
2926	1141.983
2927	1141.729
2928	1141.384
2929	1141.324
2930	1141.444
2931	1141.264
2932	1141.519
2933	1141.594
2934	1141.414
2935	1141.444
2936	1141.624
2937	1141.324
2938	1141.324
2939	1141.474
2940	1141.534
2941	1141.399
2942	1141.474
2943	1141.594
2944	1141.699
2945	1141.339
2946	1141.444
2947	1141.309
2948	1141.234
2949	1141.189
2950	1141.129
2951	1141.084
2952	1141.564
2953	1141.564
2954	1141.009
2955	1141.818
2956	1141.474
2957	1141.159
2958	1140.859
2959	1141.264
2960	1141.234
2961	1141.309
2962	1141.354
2963	1141.054
2964	1141.504
2965	1141.204
2966	1141.594
2967	1140.515
2968	1141.459
2969	1141.534
2970	1141.084
2971	1141.174
2972	1140.949
2973	1141.294
2974	1140.844
2975	1141.084
2976	1140.904
2977	1141.054
2978	1141.024
2979	1141.639
2980	1141.264
2981	1141.114
2982	1140.77
2983	1140.859
2984	1140.77
2985	1140.665
2986	1140.859
2987	1141.234
2988	1141.039
2989	1140.919
2990	1141.204
2991	1140.77
2992	1140.635
2993	1140.785
2994	1140.964
2995	1140.934
2996	1140.695
2997	1140.934
2998	1140.68
2999	1140.68
3000	1140.575
3001	1140.5
3002	1140.979
3003	1140.785
3004	1140.335
3005	1140.635
3006	1140.934
3007	1140.979
3008	1140.859
3009	1140.485
3010	1140.395
3011	1140.62
3012	1140.859
3013	1140.71
3014	1140.844
3015	1140.695
3016	1140.08
3017	1140.2
3018	1140.71
3019	1140.844
3020	1140.2
3021	1140.395
3022	1140.59
3023	1140.365
3024	1141.009
3025	1139.99
3026	1140.455
3027	1140.32
3028	1140.545
3029	1140.635
3030	1140.395
3031	1140.08
3032	1140.365
3033	1140.455
3034	1140.44
3035	1140.335
3036	1139.721
3037	1140.245
3038	1140.065
3039	1140.47
3040	1140.215
3041	1140.275
3042	1140.275
3043	1139.975
3044	1140.2
3045	1140.26
3046	1140.425
3047	1140.485
3048	1140.38
3049	1140.335
3050	1139.811
3051	1140.155
3052	1140.2
3053	1139.99
3054	1140.245
3055	1139.99
3056	1140.2
3057	1139.99
3058	1140.035
3059	1139.571
3060	1140.005
3061	1139.511
3062	1140.065
3063	1140.32
3064	1140.17
3065	1139.945
3066	1140.26
3067	1140.065
3068	1139.391
3069	1139.826
3070	1139.93
3071	1140.05
3072	1139.781
3073	1140.11
3074	1139.885
3075	1139.945
3076	1139.511
3077	1139.885
3078	1139.945
3079	1139.526
3080	1140.11
3081	1139.751
3082	1139.99
3083	1139.691
3084	1139.84
3085	1139.511
3086	1139.99
3087	1140.065
3088	1139.9
3089	1139.706
3090	1140.005
3091	1139.556
3092	1139.915
3093	1140.32
3094	1139.286
3095	1139.496
3096	1139.496
3097	1139.631
3098	1139.286
3099	1139.811
3100	1139.556
3101	1139.706
3102	1139.286
3103	1139.331
3104	1139.736
3105	1139.436
3106	1139.466
3107	1139.556
3108	1139.286
3109	1139.511
3110	1139.676
3111	1139.496
3112	1139.556
3113	1139.406
3114	1139.391
3115	1139.361
3116	1139.046
3117	1139.196
3118	1139.481
3119	1139.061
3120	1139.496
3121	1139.316
3122	1139.556
3123	1139.316
3124	1139.391
3125	1138.971
3126	1138.986
3127	1139.001
3128	1138.956
3129	1139.256
3130	1138.507
3131	1138.717
3132	1139.076
3133	1139.346
3134	1139.226
3135	1139.466
3136	1139.256
3137	1139.031
3138	1139.331
3139	1138.792
3140	1138.792
3141	1138.971
3142	1139.316
3143	1138.971
3144	1139.286
3145	1139.196
3146	1138.927
3147	1139.316
3148	1139.166
3149	1139.106
3150	1138.567
3151	1139.106
3152	1138.807
3153	1138.896
3154	1138.447
3155	1138.986
3156	1139.436
3157	1139.346
3158	1138.927
3159	1138.612
3160	1138.372
3161	1138.732
3162	1138.477
3163	1138.672
3164	1138.777
3165	1138.687
3166	1139.031
3167	1139.241
3168	1139.076
3169	1138.837
3170	1138.807
3171	1138.927
3172	1138.807
3173	1138.402
3174	1138.657
3175	1138.537
3176	1139.016
3177	1138.492
3178	1138.372
3179	1138.822
3180	1138.956
3181	1138.477
3182	1138.672
3183	1138.282
3184	1138.492
3185	1138.747
3186	1138.597
3187	1138.927
3188	1138.971
3189	1138.762
3190	1138.552
3191	1138.941
3192	1138.372
3193	1138.342
3194	1138.177
3195	1138.492
3196	1138.657
3197	1138.717
3198	1138.807
3199	1138.327
3200	1138.252
3201	1138.387
3202	1138.342
3203	1138.237
3204	1138.027
3205	1138.747
3206	1138.642
3207	1138.102
3208	1138.627
3209	1138.432
3210	1137.967
3211	1138.177
3212	1138.312
3213	1138.237
3214	1138.282
3215	1138.147
3216	1137.967
3217	1137.818
3218	1138.132
3219	1138.417
3220	1137.982
3221	1138.597
3222	1138.132
3223	1138.072
3224	1138.552
3225	1138.042
3226	1138.042
3227	1138.057
3228	1137.922
3229	1137.952
3230	1137.938
3231	1138.267
3232	1138.132
3233	1137.938
3234	1137.997
3235	1137.863
3236	1138.447
3237	1137.922
3238	1137.938
3239	1138.432
3240	1137.728
3241	1137.982
3242	1137.443
3243	1137.698
3244	1137.952
3245	1138.267
3246	1138.117
3247	1137.833
3248	1138.372
3249	1137.758
3250	1137.713
3251	1137.938
3252	1137.878
3253	1137.743
3254	1137.323
3255	1137.892
3256	1137.413
3257	1137.788
3258	1138.147
3259	1137.773
3260	1137.758
3261	1137.563
3262	1137.503
3263	1137.653
3264	1137.413
3265	1137.503
3266	1137.503
3267	1137.653
3268	1137.578
3269	1137.188
3270	1137.803
3271	1137.668
3272	1137.952
3273	1137.803
3274	1137.233
3275	1137.398
3276	1137.863
3277	1137.143
3278	1137.488
3279	1137.892
3280	1137.578
3281	1137.413
3282	1136.933
3283	1137.353
3284	1137.728
3285	1137.398
3286	1137.668
3287	1137.503
3288	1137.773
3289	1137.353
3290	1137.653
3291	1137.548
3292	1137.443
3293	1137.608
3294	1137.443
3295	1137.338
3296	1136.859
3297	1137.248
3298	1137.053
3299	1137.143
3300	1136.889
3301	1137.338
3302	1137.233
3303	1137.833
3304	1137.488
3305	1137.563
3306	1137.638
3307	1137.473
3308	1137.503
3309	1137.263
3310	1136.709
3311	1136.993
3312	1137.833
3313	1137.578
3314	1137.473
3315	1137.638
3316	1136.964
3317	1137.308
3318	1137.188
3319	1136.964
3320	1137.098
3321	1137.068
3322	1137.278
3323	1136.799
3324	1137.353
3325	1137.233
3326	1136.948
3327	1137.143
3328	1136.964
3329	1136.514
3330	1137.263
3331	1136.664
3332	1136.844
3333	1136.829
3334	1137.113
3335	1137.368
3336	1136.694
3337	1137.278
3338	1137.098
3339	1136.814
3340	1136.649
3341	1137.293
3342	1136.814
3343	1136.964
3344	1136.948
3345	1136.844
3346	1136.574
3347	1137.218
3348	1136.709
3349	1136.754
3350	1136.679
3351	1136.829
3352	1136.948
3353	1137.008
3354	1136.454
3355	1136.109
3356	1137.353
3357	1136.709
3358	1137.263
3359	1136.694
3360	1136.439
3361	1136.334
3362	1136.933
3363	1136.799
3364	1136.469
3365	1136.724
3366	1136.544
3367	1136.529
3368	1136.784
3369	1136.799
3370	1136.559
3371	1136.619
3372	1136.304
3373	1136.454
3374	1136.199
3375	1136.034
3376	1136.004
3377	1136.634
3378	1136.154
3379	1136.514
3380	1135.959
3381	1136.529
3382	1136.514
3383	1136.604
3384	1136.244
3385	1136.004
3386	1136.319
3387	1136.529
3388	1136.064
3389	1136.139
3390	1136.109
3391	1136.334
3392	1136.289
3393	1136.244
3394	1136.334
3395	1136.319
3396	1135.974
3397	1136.049
3398	1135.885
3399	1136.199
3400	1136.454
3401	1135.929
3402	1136.124
3403	1136.604
3404	1136.469
3405	1136.484
3406	1136.034
3407	1136.124
3408	1135.885
3409	1135.735
3410	1136.079
3411	1136.229
3412	1136.529
3413	1135.765
3414	1135.87
3415	1135.615
3416	1135.885
3417	1135.959
3418	1135.765
3419	1135.974
3420	1136.214
3421	1136.019
3422	1135.585
3423	1135.6
3424	1135.555
3425	1135.51
3426	1136.094
3427	1136.154
3428	1135.645
3429	1136.079
3430	1135.87
3431	1136.019
3432	1135.69
3433	1135.87
3434	1136.049
3435	1135.645
3436	1136.214
3437	1135.84
3438	1135.69
3439	1135.54
3440	1135.33
3441	1135.855
3442	1135.18
3443	1135.39
3444	1136.199
3445	1135.944
3446	1136.319
3447	1135.705
3448	1135.944
3449	1135.84
3450	1135.72
3451	1136.289
3452	1135.825
3453	1136.124
3454	1135.72
3455	1135.315
3456	1135.585
3457	1135.735
3458	1135.645
3459	1135.36
3460	1135.81
3461	1135.944
3462	1135.33
3463	1135.66
3464	1135.57
3465	1135.405
3466	1134.97
3467	1135.585
3468	1135.645
3469	1135.9
3470	1135.57
3471	1135.78
3472	1135.42
3473	1135.465
3474	1135.3
3475	1135.33
3476	1135.929
3477	1135.24
3478	1135.405
3479	1135.21
3480	1135.495
3481	1135.135
3482	1135.735
3483	1135.48
3484	1135.525
3485	1135.375
3486	1136.004
3487	1135.48
3488	1135.15
3489	1135.63
3490	1135.435
3491	1135.075
3492	1135.675
3493	1134.926
3494	1135.465
3495	1135.375
3496	1135.045
3497	1135.63
3498	1135.42
3499	1135.195
3500	1135.435
3501	1135.21
3502	1135.42
3503	1134.911
3504	1134.881
3505	1135.6
3506	1135.405
3507	1135.315
3508	1135.465
3509	1135.24
3510	1135.645
3511	1135.255
3512	1135.24
3513	1135.045
3514	1135
3515	1135.255
3516	1134.851
3517	1134.911
3518	1134.985
3519	1135.165
3520	1134.881
3521	1134.97
3522	1135.195
3523	1135.15
3524	1135.195
3525	1135.12
3526	1134.97
3527	1134.626
3528	1134.491
3529	1135.225
3530	1135.3
3531	1135.36
3532	1134.821
3533	1135.285
3534	1135.24
3535	1135.315
3536	1134.446
3537	1134.716
3538	1135.09
3539	1134.851
3540	1135.105
3541	1134.521
3542	1134.611
3543	1135.09
3544	1134.716
3545	1134.581
3546	1134.536
3547	1134.851
3548	1134.551
3549	1134.551
3550	1134.761
3551	1134.776
3552	1134.701
3553	1134.731
3554	1134.581
3555	1134.836
3556	1134.326
3557	1134.701
3558	1134.761
3559	1134.806
3560	1135.225
3561	1134.626
3562	1134.866
3563	1134.491
3564	1134.956
3565	1134.776
3566	1134.941
3567	1134.326
3568	1134.626
3569	1134.671
3570	1134.731
3571	1134.491
3572	1134.566
3573	1134.731
3574	1134.506
3575	1134.611
3576	1134.176
3577	1134.461
3578	1134.161
3579	1134.626
3580	1134.251
3581	1134.086
3582	1134.356
3583	1134.581
3584	1134.716
3585	1134.101
3586	1134.101
3587	1134.042
3588	1134.926
3589	1134.536
3590	1134.581
3591	1134.611
3592	1134.356
3593	1134.086
3594	1134.506
3595	1134.341
3596	1134.062
3597	NaN
3598	1207.676
3599	NaN
3600	1134.416
3601	NaN
3602	NaN
3603	NaN
3604	NaN
3605	NaN
3606	1206.567
3607	1133.937
3608	1134.191
3609	1134.356
3610	1134.266
3611	1133.847
3612	1134.866
3613	1134.071
3614	1134.476
3615	1134.866
3616	1134.506
3617	1134.431
3618	1134.671
3619	1134.461
3620	1134.791
3621	1134.341
3622	1134.101
3623	1134.401
3624	1134.596
3625	1133.937
3626	1134.431
3627	1134.911
3628	1134.266
3629	1134.371
3630	1134.131
3631	1134.641
3632	1134.266
3633	1134.536
3634	1134.071
3635	1134.356
3636	1133.952
3637	1133.547
3638	1133.922
3639	1133.802
3640	1134.311
3641	1133.637
3642	1134.011
3643	1134.221
3644	1134.161
3645	1133.922
3646	1133.832
3647	1134.057
3648	1133.952
3649	1133.937
3650	1133.637
3651	1133.862
3652	1133.877
3653	1133.787
3654	1133.742
3655	1133.622
3656	1133.727
3657	1134.266
3658	1133.997
3659	1133.727
3660	1133.952
3661	1133.637
3662	1133.982
3663	1133.547
	
	
	
	
	
	
	
	
	
	
	
	
	
	
	
	
	
	
	
	
	
	
	
	
	
	
	
	
	
	
	
	
	
	
	
	
	
	
	
	
	
	
	
	
	
	
	
	
	
	
	
	
	
	
	
