0	1157.408
1	1155.431
2	1155.885
3	1155.533
4	1154.889
5	1154.669
6	1155.152
7	1154.23
8	1153.805
9	1153.307
10	1153.688
11	1153.189
12	1152.926
13	1152.867
14	1152.984
15	1152.691
16	1152.56
17	1152.076
18	1152.384
19	1151.739
20	1151.637
21	1151.651
22	1150.787
23	1151.153
24	1150.597
25	1150.802
26	1150.699
27	1149.996
28	1150.04
29	1150.011
30	1149.937
31	1149.425
32	1149.293
33	1149.644
34	1149.102
35	1148.941
36	1148.941
37	1148.546
38	1148.399
39	1148.473
40	1148.678
41	1147.96
42	1148.077
43	1147.608
44	1148.004
45	1148.311
46	1148.121
47	1147.491
48	1147.608
49	1147.799
50	1146.964
51	1146.627
52	1146.949
53	1146.612
54	1146.554
55	1146.231
56	1145.719
57	1146.187
58	1145.455
59	1145.133
60	1145.264
61	1145.162
62	1144.649
63	1144.605
64	1144.796
65	1144.547
66	1144.488
67	1144.239
68	1144.547
69	1145.411
70	1145.147
71	1144.84
72	1144.796
73	1144.752
74	1144.664
75	1144.781
76	1144.781
77	1144.488
78	1143.638
79	1143.785
80	1143.653
81	1143.302
82	1142.716
83	1142.862
84	1142.672
85	1142.32
86	1142.276
87	1142.13
88	1142.291
89	1141.734
90	1141.925
91	1141.998
92	1141.822
93	1141.324
94	1141.368
95	1140.797
96	1141.06
97	1140.826
98	1140.943
99	1140.328
100	1140.533
101	1140.723
102	1139.39
103	1136.812
104	1137.281
105	1137.471
106	1138.042
107	1138.819
108	1138.863
109	1139.346
110	1139.551
111	1139.551
112	1139.317
113	1139.493
114	1139.288
115	1139.332
116	1139.156
117	1139.302
118	1139.185
119	1139.522
120	1139.068
121	1138.76
122	1138.438
123	1138.965
124	1139.083
125	1138.848
126	1138.599
127	1138.628
128	1138.174
129	1138.101
130	1137.837
131	1137.867
132	1137.398
133	1137.544
134	1137.251
135	1137.442
136	1136.915
137	1137.134
138	1137.471
139	1136.783
140	1136.973
141	1136.988
142	1136.768
143	1136.724
144	1136.768
145	1136.255
146	1136.211
147	1136.358
148	1136.534
149	1135.743
150	1135.772
151	1135.875
152	1135.831
153	1136.124
154	1136.138
155	1136.08
156	1135.787
157	1135.464
158	1135.582
159	1135.347
160	1134.6
161	1134.673
162	1134.644
163	1134.805
164	1135.04
165	1134.585
166	1134.996
167	1134.82
168	1134.146
169	1133.999
170	1134.717
171	1134.014
172	1134.014
173	1134.512
174	1134.205
175	1134.014
176	1133.911
177	1133.809
178	1133.721
179	1133.97
180	1133.824
181	1133.824
182	1133.604
183	1133.457
184	1132.505
185	1132.798
186	1132.535
187	1132.578
188	1132.871
189	1132.681
190	1132.754
191	1132.681
192	1132.622
193	1132.857
194	1132.593
195	1132.329
196	1132.622
197	1132.52
198	1132.622
199	1132.286
200	1132.666
201	1132.71
202	1132.769
203	1132.286
204	1132.08
205	1132.329
206	1131.744
207	1132.007
208	1131.978
209	1131.817
210	1131.465
211	1131.641
212	1131.7
213	1131.934
214	1131.524
215	1131.787
216	1131.568
217	1131.216
218	1131.451
219	1131.099
220	1130.835
221	1131.216
222	1130.894
223	1131.289
224	1131.304
225	1131.333
226	1130.923
227	1131.084
228	1130.66
229	1130.791
230	1130.66
231	1131.187
232	1130.777
233	1130.542
234	1130.586
235	1130.894
236	1130.352
237	1130.528
238	1129.971
239	1130.762
240	1130.411
241	1129.927
242	1130.074
243	1130.469
244	1130.469
245	1129.869
246	1130.176
247	1130.088
248	1130.118
249	1129.707
250	1129.971
251	1129.253
252	1129.59
253	1129.912
254	1129.209
255	1129.385
256	1129.576
257	1129.37
258	1128.99
259	1129.312
260	1129.151
261	1129.18
262	1129.327
263	1128.96
264	1128.711
265	1128.814
266	1128.711
267	1128.667
268	1129.151
269	1128.843
270	1128.345
271	1128.975
272	1128.975
273	1128.33
274	1128.506
275	1128.697
276	1128.418
277	1128.96
278	1128.653
279	1128.623
280	1128.74
281	1128.814
282	1128.55
283	1128.286
284	1128.081
285	1128.111
286	1127.656
287	1128.169
288	1127.876
289	1127.993
290	1128.902
291	1128.814
292	1128.726
293	1128.345
294	1128.667
295	1128.814
296	1128.96
297	1129.283
298	1129.546
299	1129.326
300	1128.535
301	1128.784
302	1128.726
303	1127.759
304	1127.832
305	1128.111
306	1127.7
307	1127.627
308	1127.071
309	1127.144
310	1127.246
311	1126.763
312	1126.338
313	1126.499
314	1126.865
315	1126.748
316	1126.66
317	1126.88
318	1126.924
319	1126.631
320	1126.66
321	1126.734
322	1126.206
323	1126.397
324	1126.294
325	1126.367
326	1126.646
327	1126.558
328	1126.133
329	1126.001
330	1126.045
331	1125.884
332	1126.177
333	1126.734
334	1126.382
335	1126.411
336	1126.235
337	1126.235
338	1125.972
339	1126.089
340	1126.294
341	1126.426
342	1126.265
343	1125.884
344	1125.957
345	1125.972
346	1125.752
347	1125.503
348	1125.811
349	1126.104
350	1125.986
351	1125.855
352	1126.045
353	1125.65
354	1125.313
355	1125.591
356	1124.844
357	1124.859
358	1124.932
359	1124.859
360	1125.137
361	1125.049
362	1124.639
363	1124.653
364	1124.609
365	1124.653
366	1124.551
367	1125.005
368	1124.8
369	1124.522
370	1124.961
371	1124.404
372	1124.683
373	1124.273
374	1124.888
375	1124.492
376	1124.36
377	1124.36
378	1124.448
379	1124.097
380	1124.58
381	1124.522
382	1124.082
383	1124.199
384	1124.258
385	1124.36
386	1124.185
387	1124.258
388	1123.848
389	1123.833
390	1123.848
391	1123.921
392	1123.54
393	1123.672
394	1124.082
395	1123.657
396	1123.95
397	1123.862
398	1123.628
399	1124.068
400	1123.877
401	1123.657
402	1123.965
403	1123.526
404	1123.906
405	1123.643
406	1123.379
407	1123.716
408	1123.511
409	1123.408
410	1123.569
411	1123.335
412	1123.394
413	1123.701
414	1123.687
415	1123.643
416	1123.291
417	1123.408
418	1123.467
419	1123.306
420	1123.159
421	1123.233
422	1123.408
423	1123.35
424	1123.218
425	1123.569
426	1122.925
427	1123.438
428	1123.174
429	1122.998
430	1122.954
431	1123.145
432	1122.896
433	1122.881
434	1122.94
435	1122.734
436	1122.954
437	1122.896
438	1122.793
439	1122.925
440	1122.749
441	1123.13
442	1123.071
443	1122.998
444	1122.852
445	1123.057
446	1124.038
447	1123.76
448	1124.024
449	1123.862
450	1123.892
451	1123.071
452	1123.306
453	1123.203
454	1122.954
455	1122.632
456	1122.046
457	1122.456
458	1122.661
459	1122.529
460	1122.617
461	1122.793
462	1122.705
463	1122.193
464	1122.691
465	1122.236
466	1122.603
467	1122.485
468	1122.368
469	1122.588
470	1121.768
471	1122.28
472	1122.251
473	1122.31
474	1122.485
475	1122.119
476	1122.236
477	1122.178
478	1122.163
479	1122.222
480	1122.456
481	1121.812
482	1122.046
483	1122.031
484	1122.149
485	1122.222
486	1121.665
487	1121.709
488	1121.782
489	1121.87
490	1121.577
491	1121.475
492	1121.123
493	1121.021
494	1120.874
495	1121.27
496	1121.299
497	1120.977
498	1120.728
499	1121.152
500	1120.742
501	1120.669
502	1120.786
503	1120.654
504	1120.713
505	1120.684
506	1120.596
507	1120.2
508	1120.728
509	1120.508
510	1120.464
511	1120.581
512	1120.698
513	1120.581
514	1120.303
515	1120.464
516	1120.684
517	1120.977
518	1121.021
519	1120.669
520	1120.537
521	1120.376
522	1120.596
523	1119.805
524	1119.937
525	1120.405
526	1120.405
527	1120.596
528	1120.654
529	1120.493
530	1120.684
531	1120.42
532	1120.405
533	1120.771
534	1120.303
535	1120.361
536	1120.215
537	1120.493
538	1120.2
539	1120.571
540	1120.61
541	1120.332
542	1120.757
543	1120.83
544	1120.552
545	1120.332
546	1120.332
547	1120.845
548	1120.039
549	1119.951
550	1119.951
551	1120.244
552	1120.024
553	1120.859
554	1121.021
555	1120.918
556	1120.698
557	1120.962
558	1121.387
559	1120.845
560	1121.24
561	1121.138
562	1121.182
563	1121.167
564	1120.918
565	1120.435
566	1120.625
567	1120.01
568	1120.098
569	1119.731
570	1120.054
571	1119.57
572	1119.834
573	1119.541
574	1119.878
575	1119.277
576	1119.482
577	1119.204
578	1119.351
579	1119.131
580	1119.175
581	1118.691
582	1119.16
583	1119.16
584	1118.779
585	1119.189
586	1119.395
587	1119.805
588	1119.556
589	1119.307
590	1119.058
591	1119.248
592	1118.97
593	1119.131
594	1119.893
595	1119.629
596	1119.307
597	1119.175
598	1119.087
599	1119.014
600	1118.97
601	1118.867
602	1118.633
603	1118.56
604	1118.896
605	1118.75
606	1118.809
607	1118.735
608	1118.384
609	1118.838
610	1119.116
611	1118.809
612	1118.735
613	1118.589
614	1118.311
615	1118.94
616	1118.11
617	1118.53
618	1118.267
619	1118.208
620	1117.886
621	1118.354
622	1118.384
623	1118.457
624	1118.516
625	1118.457
626	1118.516
627	1118.267
628	1118.384
629	1118.062
630	1118.032
631	1117.93
632	1118.252
633	1118.164
634	1118.662
635	1118.457
636	1118.018
637	1118.193
638	1117.813
639	1118.032
640	1118.032
641	1117.93
642	1118.354
643	1118.252
644	1117.754
645	1118.047
646	1118.237
647	1117.842
648	1117.827
649	1117.695
650	1117.9
651	1117.856
652	1117.695
653	1118.252
654	1118.413
655	1118.164
656	1117.476
657	1117.578
658	1117.695
659	1117.461
660	1117.769
661	1117.842
662	1117.754
663	1117.52
664	1117.622
665	1117.534
666	1117.461
667	1117.798
668	1117.373
669	1117.461
670	1116.933
671	1117.373
672	1117.065
673	1117.109
674	1117.183
675	1116.89
676	1117.183
677	1117.007
678	1117.314
679	1116.831
680	1116.538
681	1116.919
682	1116.538
683	1117.3
684	1116.963
685	1117.021
686	1116.846
687	1116.86
688	1116.787
689	1116.26
690	1116.641
691	1116.348
692	1116.655
693	1116.597
694	1116.611
695	1116.699
696	1116.787
697	1116.23
698	1116.743
699	1116.655
700	1117.051
701	1116.904
702	1116.963
703	1116.963
704	1116.611
705	1116.86
706	1116.45
707	1116.582
708	1116.802
709	1116.333
710	1116.743
711	1116.728
712	1116.875
713	1116.597
714	1116.348
715	1116.494
716	1116.684
717	1117.08
718	1117.036
719	1116.611
720	1116.67
721	1116.128
722	1116.45
723	1116.23
724	1116.128
725	1116.26
726	1116.684
727	1116.406
728	1116.772
729	1116.582
730	1116.011
731	1116.099
732	1116.904
733	1116.948
734	1116.333
735	1116.523
736	1116.831
737	1115.893
738	1116.201
739	1116.23
740	1116.069
741	1116.025
742	1115.967
743	1115.981
744	1115.806
745	1116.406
746	1116.201
747	1115.996
748	1115.527
749	1116.611
750	1116.011
751	1115.703
752	1115.718
753	1115.571
754	1115.879
755	1115.6
756	1115.63
757	1116.245
758	1115.571
759	1115.718
760	1115.703
761	1115.395
762	1115.776
763	1115.864
764	1115.776
765	1115.893
766	1115.879
767	1115.82
768	1116.011
769	1116.055
770	1115.864
771	1116.025
772	1115.513
773	1115.6
774	1115.732
775	1115.849
776	1115.967
777	1115.688
778	1115.864
779	1115.82
780	1115.879
781	1115.879
782	1115.088
783	1115.454
784	1115.747
785	1115.996
786	1115.776
787	1115.571
788	1115.498
789	1115.586
790	1115.571
791	1115.439
792	1115.483
793	1115.747
794	1115.395
795	1115.132
796	1115.337
797	1115.425
798	1115.176
799	1115
800	1115.19
801	1115.161
802	1115.015
803	1115
804	1115.293
805	1114.883
806	1115.029
807	1115.381
808	1115.161
809	1114.78
810	1115
811	1115.41
812	1115.029
813	1114.809
814	1115.044
815	1115.542
816	1115.088
817	1115.19
818	1115.249
819	1115.102
820	1115.571
821	1115.747
822	1115.762
823	1115.41
824	1115.395
825	1115.161
826	1115.307
827	1115.058
828	1115.22
829	1115.425
830	1115.088
831	1114.721
832	1115.073
833	1115.63
834	1114.985
835	1114.795
836	1114.941
837	1114.897
838	1114.78
839	1114.941
840	1114.604
841	1114.502
842	1114.677
843	1114.326
844	1114.472
845	1114.238
846	1114.267
847	1114.077
848	1113.843
849	1114.048
850	1113.799
851	1114.472
852	1114.048
853	1113.491
854	1113.857
855	1114.428
856	1113.755
857	1114.502
858	1114.648
859	1114.15
860	1114.223
861	1114.531
862	1114.326
863	1114.253
864	1114.575
865	1114.297
866	1114.502
867	1114.751
868	1114.472
869	1114.414
870	1114.546
871	1113.813
872	1114.135
873	1114.121
874	1113.637
875	1114.048
876	1114.092
877	1114.165
878	1114.121
879	1114.443
880	1113.711
881	1113.594
882	1114.399
883	1113.755
884	1113.652
885	1114.106
886	1113.886
887	1113.681
888	1114.004
889	1113.286
890	1113.462
891	1113.506
892	1113.432
893	1113.857
894	1113.681
895	1113.403
896	1113.652
897	1113.535
898	1113.579
899	1113.564
900	1113.725
901	1113.476
902	1113.872
903	1113.901
904	1113.828
905	1113.33
906	1113.652
907	1113.55
908	1113.271
909	1113.681
910	1113.462
911	1113.506
912	1113.198
913	1113.301
914	1113.755
915	1113.183
916	1113.359
917	1113.081
918	1113.447
919	1113.125
920	1113.139
921	1113.198
922	1112.744
923	1113.579
924	1113.359
925	1112.934
926	1113.33
927	1112.817
928	1113.125
929	1113.022
930	1112.583
931	1113.081
932	1112.7
933	1112.978
934	1112.934
935	1113.359
936	1113.139
937	1112.993
938	1112.773
939	1113.154
940	1113.008
941	1112.993
942	1112.861
943	1112.817
944	1113.095
945	1113.315
946	1113.286
947	1112.51
948	1112.685
949	1113.11
950	1113.154
951	1112.817
952	1113.125
953	1112.978
954	1112.832
955	1112.92
956	1112.993
957	1112.612
958	1112.217
959	1112.583
960	1112.319
961	1112.524
962	1112.524
963	1112.217
964	1112.407
965	1112.495
966	1112.422
967	1112.26
968	1111.85
969	1111.894
970	1111.616
971	1111.865
972	1112.202
973	1111.806
974	1112.231
975	1112.304
976	1112.466
977	1112.29
978	1112.202
979	1111.938
980	1111.938
981	1112.129
982	1112.173
983	1112.085
984	1112.26
985	1111.953
986	1111.85
987	1112.759
988	1112.348
989	1112.304
990	1112.334
991	1112.158
992	1112.451
993	1112.451
994	1111.645
995	1112.304
996	1112.539
997	1111.968
998	1112.026
999	1112.217
1000	1112.29
1001	1112.29
1002	1112.011
1003	1111.836
1004	1111.982
1005	1112.173
1006	1111.455
1007	1111.689
1008	1112.348
1009	1112.085
1010	1111.88
1011	1112.011
1012	1112.29
1013	1112.158
1014	1112.143
1015	1112.217
1016	1111.909
1017	1112.129
1018	1112.392
1019	1111.953
1020	1111.733
1021	1111.587
1022	1111.938
1023	1112.275
1024	1111.968
1025	1112.539
1026	1111.88
1027	1112.055
1028	1112.085
1029	1112.07
1030	1112.041
1031	1111.411
1032	1111.089
1033	1110.957
1034	1111.631
1035	1111.426
1036	1111.323
1037	1111.308
1038	1111.66
1039	1111.616
1040	1112.011
1041	1111.777
1042	1112.173
1043	1111.499
1044	1111.601
1045	1111.645
1046	1111.499
1047	1111.587
1048	1111.294
1049	1110.971
1050	1111.22
1051	1111.587
1052	1111.865
1053	1111.689
1054	1111.44
1055	1111.469
1056	1111.645
1057	1111.748
1058	1111.543
1059	1111.045
1060	1111.631
1061	1111.528
1062	1111.294
1063	1110.898
1064	1110.825
1065	1111.191
1066	1111.133
1067	1111.499
1068	1111.191
1069	1111.089
1070	1110.678
1071	1110.927
1072	1111.66
1073	1111.396
1074	1111.499
1075	1111.455
1076	1111.982
1077	1111.001
1078	1111.22
1079	1111.396
1080	1111.938
1081	1111.66
1082	1111.66
1083	1111.352
1084	1111.528
1085	1111.44
1086	1110.825
1087	1111.206
1088	1111.206
1089	1111.015
1090	1110.942
1091	1110.971
1092	1110.81
1093	1110.693
1094	1111.133
1095	1110.678
1096	1110.18
1097	1110.854
1098	1110.547
1099	1110.708
1100	1110.517
1101	1109.99
1102	1110.283
1103	1110.385
1104	1110.84
1105	1110.298
1106	1110.385
1107	1109.873
1108	1110.122
1109	1110.092
1110	1110.752
1111	1110.488
1112	1110.605
1113	1110.239
1114	1110.005
1115	1110.415
1116	1110.561
1117	1110.488
1118	1110.254
1119	1110.005
1120	1109.77
1121	1109.638
1122	1109.961
1123	1110.488
1124	1109.975
1125	1109.946
1126	1109.682
1127	1110.092
1128	1109.799
1129	1109.814
1130	1109.536
1131	1109.594
1132	1109.331
1133	1109.199
1134	1109.785
1135	1109.887
1136	1109.873
1137	1109.843
1138	1109.961
1139	1109.638
1140	1110.151
1141	1110.034
1142	1110.136
1143	1110.342
1144	1110.078
1145	1109.653
1146	1110.063
1147	1109.799
1148	1110.268
1149	1109.697
1150	1109.902
1151	1110.063
1152	1110.078
1153	1110.122
1154	1109.702
1155	1109.594
1156	1109.419
1157	1109.536
1158	1110.019
1159	1110.239
1160	1109.726
1161	1109.99
1162	1109.755
1163	1109.419
1164	1109.55
1165	1109.272
1166	1109.741
1167	1109.243
1168	1109.243
1169	1109.433
1170	1110.005
1171	1109.887
1172	1109.463
1173	1109.77
1174	1109.931
1175	1109.843
1176	1109.404
1177	1109.77
1178	1109.521
1179	1109.609
1180	1109.77
1181	1109.594
1182	1109.741
1183	1109.726
1184	1109.712
1185	1109.946
1186	1109.814
1187	1109.653
1188	1109.638
1189	1109.463
1190	1109.36
1191	1109.228
1192	1109.126
1193	1108.979
1194	1108.979
1195	1109.316
1196	1109.565
1197	1109.594
1198	1109.697
1199	1109.448
1200	1109.038
1201	1109.082
1202	1108.862
1203	1108.964
1204	1109.023
1205	1108.979
1206	1108.803
1207	1109.257
1208	1109.389
1209	1109.023
1210	1109.257
1211	1109.536
1212	1109.17
1213	1108.994
1214	1108.847
1215	1109.243
1216	1109.14
1217	1108.803
1218	1109.301
1219	1108.979
1220	1109.375
1221	1108.877
1222	1109.17
1223	1109.052
1224	1108.745
1225	1108.818
1226	1108.862
1227	1108.569
1228	1108.774
1229	1108.964
1230	1109.36
1231	1108.701
1232	1108.481
1233	1108.833
1234	1108.847
1235	1108.54
1236	1108.452
1237	1108.73
1238	1108.496
1239	1108.232
1240	1108.393
1241	1108.379
1242	1108.071
1243	1108.159
1244	1108.364
1245	1108.554
1246	1108.862
1247	1108.437
1248	1108.759
1249	1108.657
1250	1108.203
1251	1108.759
1252	1108.774
1253	1108.774
1254	1108.833
1255	1108.818
1256	1108.921
1257	1108.51
1258	1108.833
1259	1108.847
1260	1108.95
1261	1108.818
1262	1108.408
1263	1108.598
1264	1108.466
1265	1108.379
1266	1108.173
1267	1107.705
1268	1108.012
1269	1108.042
1270	1108.071
1271	1108.027
1272	1108.086
1273	1107.91
1274	1108.393
1275	1108.144
1276	1108.584
1277	1108.203
1278	1107.573
1279	1107.69
1280	1108.13
1281	1107.749
1282	1108.115
1283	1108.291
1284	1108.891
1285	1108.701
1286	1108.598
1287	1108.481
1288	1108.789
1289	1108.818
1290	1109.14
1291	1109.067
1292	1108.789
1293	1108.408
1294	1108.408
1295	1107.983
1296	1107.5
1297	1108.144
1298	1108.056
1299	1107.924
1300	1107.807
1301	1108.261
1302	1108.144
1303	1108.291
1304	1107.998
1305	1107.793
1306	1107.968
1307	1107.426
1308	1107.661
1309	1107.837
1310	1107.793
1311	1107.924
1312	1108.042
1313	1107.324
1314	1107.705
1315	1107.998
1316	1107.807
1317	1107.822
1318	1107.558
1319	1107.485
1320	1107.675
1321	1108.012
1322	1107.807
1323	1107.588
1324	1107.529
1325	1107.939
1326	1107.324
1327	1107.309
1328	1107.382
1329	1107.485
1330	1107.207
1331	1107.339
1332	1107.456
1333	1107.661
1334	1107.573
1335	1107.763
1336	1108.1
1337	1107.602
1338	1107.837
1339	1107.573
1340	1107.192
1341	1107.295
1342	1107.192
1343	1107.456
1344	1107.368
1345	1107.456
1346	1108.086
1347	1107.602
1348	1107.602
1349	1107.558
1350	1107.28
1351	1107.339
1352	1107.119
1353	1107.163
1354	1107.675
1355	1107.104
1356	1106.914
1357	1107.089
1358	1107.485
1359	1107.602
1360	1107.5
1361	1107.544
1362	1107.573
1363	1107.046
1364	1106.635
1365	1106.723
1366	1106.694
1367	1106.87
1368	1107.06
1369	1107.089
1370	1106.884
1371	1107.192
1372	1107.617
1373	1107.631
1374	1107.485
1375	1107.177
1376	1107.309
1377	1107.353
1378	1107.177
1379	1107.265
1380	1107.06
1381	1106.855
1382	1106.84
1383	1106.679
1384	1106.635
1385	1106.753
1386	1107.119
1387	1107.558
1388	1107.002
1389	1107.251
1390	1107.382
1391	1107.588
1392	1107.661
1393	1107.441
1394	1107.749
1395	1107.5
1396	1107.47
1397	1107.412
1398	1107.631
1399	1107.382
1400	1107.148
1401	1107.06
1402	1107.06
1403	1106.958
1404	1107.177
1405	1107.046
1406	1106.884
1407	1106.899
1408	1106.753
1409	1106.342
1410	1106.518
1411	1106.855
1412	1106.943
1413	1106.767
1414	1106.782
1415	1107.119
1416	1106.811
1417	1106.958
1418	1107.148
1419	1107.177
1420	1106.972
1421	1106.826
1422	1106.767
1423	1106.87
1424	1106.518
1425	1106.445
1426	1106.855
1427	1106.709
1428	1106.635
1429	1106.635
1430	1106.284
1431	1106.474
1432	1105.947
1433	1106.284
1434	1106.079
1435	1105.844
1436	1106.46
1437	1106.474
1438	1105.727
1439	1106.24
1440	1106.255
1441	1105.8
1442	1105.976
1443	1105.918
1444	1106.269
1445	1106.255
1446	1106.606
1447	1106.504
1448	1106.43
1449	1106.079
1450	1105.537
1451	1106.093
1452	1106.65
1453	1106.298
1454	1106.181
1455	1106.167
1456	1106.137
1457	1105.844
1458	1105.962
1459	1106.079
1460	1106.005
1461	1105.815
1462	1106.049
1463	1106.005
1464	1105.551
1465	1105.669
1466	1105.493
1467	1105.61
1468	1105.713
1469	1105.537
1470	1105.493
1471	1105.771
1472	1105.449
1473	1105.874
1474	1106.123
1475	1106.284
1476	1106.416
1477	1106.152
1478	1105.888
1479	1106.255
1480	1106.577
1481	1106.386
1482	1106.064
1483	1106.123
1484	1106.181
1485	1105.903
1486	1105.859
1487	1105.727
1488	1105.669
1489	1106.049
1490	1105.683
1491	1106.108
1492	1105.771
1493	1105.786
1494	1106.005
1495	1105.991
1496	1106.137
1497	1105.756
1498	1105.61
1499	1105.61
1500	1105.551
1501	1105.493
1502	1105.639
1503	1106.02
1504	1106.049
1505	1105.903
1506	1105.698
1507	1105.903
1508	1106.093
1509	1106.049
1510	1106.064
1511	1105.962
1512	1105.639
1513	1105.786
1514	1105.478
1515	1105.039
1516	1105.434
1517	1105.683
1518	1105.625
1519	1105.625
1520	1105.361
1521	1105.361
1522	1104.921
1523	1104.965
1524	1104.76
1525	1104.907
1526	1105.317
1527	1105.434
1528	1105.522
1529	1104.599
1530	1104.79
1531	1104.98
1532	1104.907
1533	1104.628
1534	1104.804
1535	1105.039
1536	1105.522
1537	1105.537
1538	1105.141
1539	1105.61
1540	1105.346
1541	1104.892
1542	1105.112
1543	1105.493
1544	1105.42
1545	1105.654
1546	1105.698
1547	1105.156
1548	1105.317
1549	1105.083
1550	1105.112
1551	1104.98
1552	1105.024
1553	1104.804
1554	1105.083
1555	1104.804
1556	1104.687
1557	1104.79
1558	1104.584
1559	1104.555
1560	1104.526
1561	1104.584
1562	1104.877
1563	1104.98
1564	1104.702
1565	1104.497
1566	1104.497
1567	1104.335
1568	1104.614
1569	1104.379
1570	1104.848
1571	1104.584
1572	1104.951
1573	1105.112
1574	1104.848
1575	1104.79
1576	1104.746
1577	1104.907
1578	1104.907
1579	1105.156
1580	1105.097
1581	1105.053
1582	1104.453
1583	1104.467
1584	1104.35
1585	1104.482
1586	1104.394
1587	1104.599
1588	1104.335
1589	1104.379
1590	1104.174
1591	1104.277
1592	1104.584
1593	1104.57
1594	1104.643
1595	1104.292
1596	1104.145
1597	1104.057
1598	1104.13
1599	1104.189
1600	1103.969
1601	1104.072
1602	1103.793
1603	1103.852
1604	1104.511
1605	1103.984
1606	1104.482
1607	1104.306
1608	1104.101
1609	1103.5
1610	1104.145
1611	1104.174
1612	1104.57
1613	1104.541
1614	1103.867
1615	1103.911
1616	1103.867
1617	1104.511
1618	1103.955
1619	1103.413
1620	1103.881
1621	1103.457
1622	1103.574
1623	1103.925
1624	1103.94
1625	1103.881
1626	1103.515
1627	1103.867
1628	1103.925
1629	1103.471
1630	1103.544
1631	1103.603
1632	1103.427
1633	1103.588
1634	1103.808
1635	1103.676
1636	1103.164
1637	1103.369
1638	1103.413
1639	1103.193
1640	1103.471
1641	1103.178
1642	1103.413
1643	1103.486
1644	1103.559
1645	1102.929
1646	1103.398
1647	1103.295
1648	1103.09
1649	1103.31
1650	1102.666
1651	1103.032
1652	1103.12
1653	1103.032
1654	1103.222
1655	1103.75
1656	1103.281
1657	1103.002
1658	1102.988
1659	1103.193
1660	1103.369
1661	1103.457
1662	1103.193
1663	1103.266
1664	1103.061
1665	1103.178
1666	1102.827
1667	1102.607
1668	1102.695
1669	1102.871
1670	1102.709
1671	1102.856
1672	1102.563
1673	1102.314
1674	1102.519
1675	1102.753
1676	1103.046
1677	1102.534
1678	1102.783
1679	1103.178
1680	1103.12
1681	1102.929
1682	1103.002
1683	1102.841
1684	1102.9
1685	1103.017
1686	1102.856
1687	1103.208
1688	1103.281
1689	1102.812
1690	1102.431
1691	1102.592
1692	1102.68
1693	1102.372
1694	1102.812
1695	1102.724
1696	1102.621
1697	1102.431
1698	1102.768
1699	1103.032
1700	1102.621
1701	1102.372
1702	1102.416
1703	1102.446
1704	1102.27
1705	1102.49
1706	1102.797
1707	1102.9
1708	1102.446
1709	1102.387
1710	1102.036
1711	1102.402
1712	1102.211
1713	1102.607
1714	1102.372
1715	1102.387
1716	1102.607
1717	1102.797
1718	1102.475
1719	1102.285
1720	1102.665
1721	1102.563
1722	1102.446
1723	1102.724
1724	1102.739
1725	1102.666
1726	1102.841
1727	1103.09
1728	1102.504
1729	1102.563
1730	1102.197
1731	1102.504
1732	1102.68
1733	1103.061
1734	1102.519
1735	1102.167
1736	1102.446
1737	1102.665
1738	1102.431
1739	1102.387
1740	1102.167
1741	1102.592
1742	1102.548
1743	1102.328
1744	1102.182
1745	1102.372
1746	1102.534
1747	1102.621
1748	1101.992
1749	1102.255
1750	1102.607
1751	1102.9
1752	1102.431
1753	1102.27
1754	1102.402
1755	1102.387
1756	1102.065
1757	1102.197
1758	1102.109
1759	1102.328
1760	1102.123
1761	1101.874
1762	1102.036
1763	1101.288
1764	1101.801
1765	1102.021
1766	1101.918
1767	1101.728
1768	1101.391
1769	1102.079
1770	1101.772
1771	1101.83
1772	1102.094
1773	1101.728
1774	1102.255
1775	1102.006
1776	1102.079
1777	1101.83
1778	1101.801
1779	1101.948
1780	1101.874
1781	1101.772
1782	1101.933
1783	1102.255
1784	1101.83
1785	1102.299
1786	1102.285
1787	1102.328
1788	1102.27
1789	1102.49
1790	1102.343
1791	1102.241
1792	1101.977
1793	1101.699
1794	1102.358
1795	1102.182
1796	1101.904
1797	1101.904
1798	1102.255
1799	1102.182
1800	1101.948
1801	1101.918
1802	1101.757
1803	1101.786
1804	1101.757
1805	1101.904
1806	1101.992
1807	1101.537
1808	1101.245
1809	1101.508
1810	1101.743
1811	1101.581
1812	1101.933
1813	1101.743
1814	1101.596
1815	1101.025
1816	1101.391
1817	1101.713
1818	1101.01
1819	1101.596
1820	1101.684
1821	1101.845
1822	1100.922
1823	1101.113
1824	1101.42
1825	1101.406
1826	1101.699
1827	1101.874
1828	1101.772
1829	1101.391
1830	1101.625
1831	1101.362
1832	1101.611
1833	1101.245
1834	1101.215
1835	1101.699
1836	1101.479
1837	1101.684
1838	1101.596
1839	1101.918
1840	1101.669
1841	1101.874
1842	1102.285
1843	1101.772
1844	1102.021
1845	1102.094
1846	1101.845
1847	1101.537
1848	1101.684
1849	1101.303
1850	1101.684
1851	1101.245
1852	1101.127
1853	1101.596
1854	1101.332
1855	1101.054
1856	1101.259
1857	1101.479
1858	1101.274
1859	1100.995
1860	1101.098
1861	1100.541
1862	1100.864
1863	1100.19
1864	1100.673
1865	1100.688
1866	1100.615
1867	1100.571
1868	1100.541
1869	1100.776
1870	1100.776
1871	1100.19
1872	1100.6
1873	1100.893
1874	1100.585
1875	1100.234
1876	1100.175
1877	1100.746
1878	1100.497
1879	1100.102
1880	1100.981
1881	1100.6
1882	1100.424
1883	1100.644
1884	1100.541
1885	1100.893
1886	1100.659
1887	1100.263
1888	1100.483
1889	1100.82
1890	1099.985
1891	1100.805
1892	1100.952
1893	1100.527
1894	1100.834
1895	1100.834
1896	1100.615
1897	1100.248
1898	1100.512
1899	1100.512
1900	1099.677
1901	1100.014
1902	1100.058
1903	1100.38
1904	1100.292
1905	1100.073
1906	1100.541
1907	1100.746
1908	1100.776
1909	1100.453
1910	1100.512
1911	1099.985
1912	1099.575
1913	1099.985
1914	1100.204
1915	1099.868
1916	1100.234
1917	1100.102
1918	1099.78
1919	1099.911
1920	1100.058
1921	1100.175
1922	1100.219
1923	1099.648
1924	1099.955
1925	1100.204
1926	1100.029
1927	1099.955
1928	1099.78
1929	1100.029
1930	1100.014
1931	1099.428
1932	1099.516
1933	1099.736
1934	1099.809
1935	1100.102
1936	1100.131
1937	1099.794
1938	1099.78
1939	1099.853
1940	1100.117
1941	1100.014
1942	1099.897
1943	1099.955
1944	1100.117
1945	1100.292
1946	1100.395
1947	1099.897
1948	1100.209
1949	1100.424
1950	1100.292
1951	1100.292
1952	1100.161
1953	1099.662
1954	1099.897
1955	1099.955
1956	1099.677
1957	1099.692
1958	1099.604
1959	1099.589
1960	1099.208
1961	1098.871
1962	1099.384
1963	1099.267
1964	1099.077
1965	1098.886
1966	1099.238
1967	1099.326
1968	1099.091
1969	1099.487
1970	1099.179
1971	1098.886
1972	1099.296
1973	1099.194
1974	1099.018
1975	1099.296
1976	1099.413
1977	1099.428
1978	1099.457
1979	1099.604
1980	1099.501
1981	1099.794
1982	1099.545
1983	1099.296
1984	1099.501
1985	1099.047
1986	1099.633
1987	1099.721
1988	1099.37
1989	1099.677
1990	1099.443
1991	1098.974
1992	1099.223
1993	1099.003
1994	1099.223
1995	1099.047
1996	1098.857
1997	1098.549
1998	1099.003
1999	1098.549
2000	1098.622
2001	1098.798
2002	1099.12
2003	1099.208
2004	1098.769
2005	1099.106
2006	1099.12
2007	1098.71
2008	1098.901
2009	1098.857
2010	1098.564
2011	1098.769
2012	1098.637
2013	1098.813
2014	1098.915
2015	1098.74
2016	1098.666
2017	1099.077
2018	1098.754
2019	1098.608
2020	1098.095
2021	1098.71
2022	1098.652
2023	1098.139
2024	1098.901
2025	1099.252
2026	1098.3
2027	1098.373
2028	1098.505
2029	1098.3
2030	1098.696
2031	1098.388
2032	1098.461
2033	1098.637
2034	1098.769
2035	1098.417
2036	1098.798
2037	1098.373
2038	1098.52
2039	1098.784
2040	1098.242
2041	1098.622
2042	1098.813
2043	1098.769
2044	1098.549
2045	1098.271
2046	1098.681
2047	1098.828
2048	1098.432
2049	1098.74
2050	1098.52
2051	1098.813
2052	1099.267
2053	1098.725
2054	1098.74
2055	1098.681
2056	1098.52
2057	1098.798
2058	1099.018
2059	1098.52
2060	1098.857
2061	1098.535
2062	1098.857
2063	1098.549
2064	1098.974
2065	1098.989
2066	1098.842
2067	1098.388
2068	1098.637
2069	1098.212
2070	1097.934
2071	1098.476
2072	1098.095
2073	1098.139
2074	1098.11
2075	1098.329
2076	1098.403
2077	1098.447
2078	1098.3
2079	1098.256
2080	1098.3
2081	1097.846
2082	1098.461
2083	1098.388
2084	1098.11
2085	1098.725
2086	1098.578
2087	1097.568
2088	1097.729
2089	1098.022
2090	1098.373
2091	1098.007
2092	1098.549
2093	1098.388
2094	1098.256
2095	1098.637
2096	1098.417
2097	1098.403
2098	1098.315
2099	1098.329
2100	1098.432
2101	1098.315
2102	1098.11
2103	1098.168
2104	1098.007
2105	1097.861
2106	1097.758
2107	1097.831
2108	1097.773
2109	1097.421
2110	1097.612
2111	1097.773
2112	1097.421
2113	1097.831
2114	1097.494
2115	1097.729
2116	1097.597
2117	1097.773
2118	1097.304
2119	1097.685
2120	1097.656
2121	1097.817
2122	1097.993
2123	1097.26
2124	1097.436
2125	1097.714
2126	1097.597
2127	1097.875
2128	1096.996
2129	1097.201
2130	1097.67
2131	1097.743
2132	1097.699
2133	1097.377
2134	1097.699
2135	1097.582
2136	1097.363
2137	1097.465
2138	1097.07
2139	1097.421
2140	1097.172
2141	1097.26
2142	1097.157
2143	1097.465
2144	1097.172
2145	1097.406
2146	1097.084
2147	1097.48
2148	1097.436
2149	1097.348
2150	1097.055
2151	1097.377
2152	1097.099
2153	1096.908
2154	1097.714
2155	1097.216
2156	1097.406
2157	1097.026
2158	1097.187
2159	1097.597
2160	1097.582
2161	1097.421
2162	1097.363
2163	1097.436
2164	1096.835
2165	1096.938
2166	1096.938
2167	1097.436
2168	1097.48
2169	1097.406
2170	1097.348
2171	1097.201
2172	1097.363
2173	1096.908
2174	1097.377
2175	1097.07
2176	1096.85
2177	1097.568
2178	1097.084
2179	1097.216
2180	1097.45
2181	1097.099
2182	1097.187
2183	1097.114
2184	1097.216
2185	1096.513
2186	1096.865
2187	1096.85
2188	1096.645
2189	1096.967
2190	1096.703
2191	1096.733
2192	1096.967
2193	1097.026
2194	1097.026
2195	1096.982
2196	1097.04
2197	1096.528
2198	1096.865
2199	1096.659
2200	1096.659
2201	1097.114
2202	1096.835
2203	1097.172
2204	1096.996
2205	1096.498
2206	1096.469
2207	1096.381
2208	1096.279
2209	1097.275
2210	1096.806
2211	1096.938
2212	1096.645
2213	1096.835
2214	1097.201
2215	1096.982
2216	1097.172
2217	1097.026
2218	1096.865
2219	1097.04
2220	1096.703
2221	1096.865
2222	1096.879
2223	1097.275
2224	1096.718
2225	1096.777
2226	1096.645
2227	1096.894
2228	1096.63
2229	1096.63
2230	1096.908
2231	1096.703
2232	1096.777
2233	1096.718
2234	1096.996
2235	1097.011
2236	1096.85
2237	1096.894
2238	1096.498
2239	1096.264
2240	1096.293
2241	1096.44
2242	1096.879
2243	1096.615
2244	1096.718
2245	1096.63
2246	1096.498
2247	1096.645
2248	1096.659
2249	1096.044
2250	1095.956
2251	1096.425
2252	1096.176
2253	1096
2254	1096.366
2255	1096.117
2256	1096.85
2257	1097.084
2258	1097.201
2259	1097.524
2260	1097.949
2261	1098.461
2262	1097.875
2263	1097.978
2264	1096.85
2265	1097.011
2266	1096.41
2267	1096.366
2268	1096
2269	1095.854
2270	1095.37
2271	1095.561
2272	1095.854
2273	1095.502
2274	1095.488
2275	1095.883
2276	1095.356
2277	1095.678
2278	1094.843
2279	1095.268
2280	1095.795
2281	1095.414
2282	1095.575
2283	1095.766
2284	1095.561
2285	1095.37
2286	1095.488
2287	1095.59
2288	1095.253
2289	1095.649
2290	1095.239
2291	1095.81
2292	1095.883
2293	1095.737
2294	1095.619
2295	1095.81
2296	1095.795
2297	1095.751
2298	1095.4
2299	1095.326
2300	1095.282
2301	1095.18
2302	1095.927
2303	1095.356
2304	1095.649
2305	1095.722
2306	1095.297
2307	1095.649
2308	1095.531
2309	1096.044
2310	1095.942
2311	1096.264
2312	1096.542
2313	1095.678
2314	1095.927
2315	1096.044
2316	1096.03
2317	1096.132
2318	1096.235
2319	1096.323
2320	1096.308
2321	1096.923
2322	1095.986
2323	1096.908
2324	1096.308
2325	1096.513
2326	1096.205
2327	1096.264
2328	1095.81
2329	1095.883
2330	1095.649
2331	1095.868
2332	1095.707
2333	1095.37
2334	1095.151
2335	1095.151
2336	1094.946
2337	1094.755
2338	1094.77
2339	1094.96
2340	1094.887
2341	1095.356
2342	1095.136
2343	1095.224
2344	1094.565
2345	1094.877
2346	1094.74
2347	1094.902
2348	1095.341
2349	1094.74
2350	1095.107
2351	1095.429
2352	1095.048
2353	1094.931
2354	1095.18
2355	1094.858
2356	1094.609
2357	1095.121
2358	1094.916
2359	1094.477
2360	1094.887
2361	1094.858
2362	1094.887
2363	1095.019
2364	1094.389
2365	1094.609
2366	1094.726
2367	1095.239
2368	1095.224
2369	1095.033
2370	1094.506
2371	1094.565
2372	1094.374
2373	1095.312
2374	1094.389
2375	1094.843
2376	1094.916
2377	1094.784
2378	1094.99
2379	1094.843
2380	1094.931
2381	1094.711
2382	1095.107
2383	1094.389
2384	1094.448
2385	1094.535
2386	1094.242
2387	1094.462
2388	1094.623
2389	1094.418
2390	1094.096
2391	1093.993
2392	1094.594
2393	1094.609
2394	1094.345
2395	1094.272
2396	1094.389
2397	1094.36
2398	1094.33
2399	1094.286
2400	1094.579
2401	1094.477
2402	1094.77
2403	1094.579
2404	1094.535
2405	1094.052
2406	1093.949
2407	1094.389
2408	1094.257
2409	1094.36
2410	1094.697
2411	1094.858
2412	1095.004
2413	1094.389
2414	1094.55
2415	1094.579
2416	1094.491
2417	1094.448
2418	1094.169
2419	1094.228
2420	1093.906
2421	1093.744
2422	1094.023
2423	1094.272
2424	1093.774
2425	1094.33
2426	1094.023
2427	1094.14
2428	1094.052
2429	1094.418
2430	1094.067
2431	1094.33
2432	1094.052
2433	1093.774
2434	1094.477
2435	1094.125
2436	1093.993
2437	1093.7
2438	1093.569
2439	1093.627
2440	1093.554
2441	1094.008
2442	1093.788
2443	1093.569
2444	1094.228
2445	1094.067
2446	1093.73
2447	1093.818
2448	1094.565
2449	1094.052
2450	1094.155
2451	1094.345
2452	1094.213
2453	1094.638
2454	1094.843
2455	1094.213
2456	1094.579
2457	1094.286
2458	1094.506
2459	1094.433
2460	1093.979
2461	1093.759
2462	1094.404
2463	1093.774
2464	1094.096
2465	1094.111
2466	1094.096
2467	1093.832
2468	1093.129
2469	1093.891
2470	1093.613
2471	1093.583
2472	1093.583
2473	1093.862
2474	1093.217
2475	1093.818
2476	1093.671
2477	1093.656
2478	1093.554
2479	1094.067
2480	1093.598
2481	1093.642
2482	1093.906
2483	1093.671
2484	1093.803
2485	1093.656
2486	1093.759
2487	1093.949
2488	1093.92
2489	1093.818
2490	1094.55
2491	1093.554
2492	1093.569
2493	1093.466
2494	1093.32
2495	1093.305
2496	1093.07
2497	1093.085
2498	1093.7
2499	1093.539
2500	1093.364
2501	1093.525
2502	1093.525
2503	1093.832
2504	1093.422
2505	1093.642
2506	1093.862
2507	1093.671
2508	1094.023
2509	1092.895
2510	1093.29
2511	1093.378
2512	1094.037
2513	1093.554
2514	1093.525
2515	1093.569
2516	1093.935
2517	1093.73
2518	1093.437
2519	1093.32
2520	1093.539
2521	1093.407
2522	1093.539
2523	1093.378
2524	1093.656
2525	1093.627
2526	1093.862
2527	1093.539
2528	1093.598
2529	1092.983
2530	1093.481
2531	1093.305
2532	1093.481
2533	1093.451
2534	1093.378
2535	1093.115
2536	1092.719
2537	1093.598
2538	1093.305
2539	1093.949
2540	1093.774
2541	1093.613
2542	1093.276
2543	1092.968
2544	1092.836
2545	1093.144
2546	1093.129
2547	1093.115
2548	1093.481
2549	1092.895
2550	1093.627
2551	1093.334
2552	1093.29
2553	1093.217
2554	1092.997
2555	1093.202
2556	1093.1
2557	1093.085
2558	1092.939
2559	1092.968
2560	1093.07
2561	1093.041
2562	1092.69
2563	1093.305
2564	1092.69
2565	1093.085
2566	1093.144
2567	1092.983
2568	1092.836
2569	1092.88
2570	1093.349
2571	1093.144
2572	1093.393
2573	1092.924
2574	1093.232
2575	1093.041
2576	1093.041
2577	1093.1
2578	1092.909
2579	1092.997
2580	1092.851
2581	1092.865
2582	1092.616
2583	1093.071
2584	1092.646
2585	1092.763
2586	1092.748
2587	1092.602
2588	1092.777
2589	1092.924
2590	1092.397
2591	1093.1
2592	1092.748
2593	1092.763
2594	1092.939
2595	1093.129
2596	1093.305
2597	1093.29
2598	1093.246
2599	1092.572
2600	1093.071
2601	1092.953
2602	1092.895
2603	1092.631
2604	1092.939
2605	1092.382
2606	1092.69
2607	1093.188
2608	1092.88
2609	1092.704
2610	1092.719
2611	1093.129
2612	1092.616
2613	1092.895
2614	1092.631
2615	1093.217
2616	1092.851
2617	1092.822
2618	1092.455
2619	1092.279
2620	1092.367
2621	1092.484
2622	1092.499
2623	1092.177
2624	1092.353
2625	1092.411
2626	1092.104
2627	1091.781
2628	1091.811
2629	1092.206
2630	1092.558
2631	1092.484
2632	1092.089
2633	1092.118
2634	1091.972
2635	1091.752
2636	1092.265
2637	1091.913
2638	1091.781
2639	1091.43
2640	1091.855
2641	1091.855
2642	1091.899
2643	1091.591
2644	1091.767
2645	1091.913
2646	1092.192
2647	1091.972
2648	1091.752
2649	1091.943
2650	1092.235
2651	1092.133
2652	1091.606
2653	1091.547
2654	1092.192
2655	1091.488
2656	1092.25
2657	1092.162
2658	1091.957
2659	1092.192
2660	1092.279
2661	1091.825
2662	1092.118
2663	1091.767
2664	1091.679
2665	1091.986
2666	1091.723
2667	1091.855
2668	1091.869
2669	1091.884
2670	1091.972
2671	1092.03
2672	1091.781
2673	1091.606
2674	1092.045
2675	1091.811
2676	1091.723
2677	1091.855
2678	1092.309
2679	1091.357
2680	1091.825
2681	1091.518
2682	1091.679
2683	1091.737
2684	1091.635
2685	1091.576
2686	1091.811
2687	1091.752
2688	1091.986
2689	1091.943
2690	1091.708
2691	1091.986
2692	1091.708
2693	1091.313
2694	1091.532
2695	1091.576
2696	1091.62
2697	1091.386
2698	1091.928
2699	1091.137
2700	1090.858
2701	1091.195
2702	1091.342
2703	1091.371
2704	1091.371
2705	1091.401
2706	1091.547
2707	1091.283
2708	1091.313
2709	1091.254
2710	1091.21
2711	1091.401
2712	1091.503
2713	1091.811
2714	1091.547
2715	1091.195
2716	1090.902
2717	1091.444
2718	1091.43
2719	1091.049
2720	1091.298
2721	1090.976
2722	1091.093
2723	1091.239
2724	1091.254
2725	1091.532
2726	1091.093
2727	1091.093
2728	1090.639
2729	1090.771
2730	1091.195
2731	1091.005
2732	1090.961
2733	1090.668
2734	1091.386
2735	1090.727
2736	1090.712
2737	1090.609
2738	1091.049
2739	1090.888
2740	1091.064
2741	1091.298
2742	1090.771
2743	1091.635
2744	1091.137
2745	1090.946
2746	1090.478
2747	1090.697
2748	1090.639
2749	1090.917
2750	1090.536
2751	1090.229
2752	1090.668
2753	1090.712
2754	1090.712
2755	1090.785
2756	1090.741
2757	1090.551
2758	1090.536
2759	1090.214
2760	1090.683
2761	1090.111
2762	1090.844
2763	1090.639
2764	1090.58
2765	1090.946
2766	1090.844
2767	1090.917
2768	1090.609
2769	1090.609
2770	1090.712
2771	1090.932
2772	1090.888
2773	1091.049
2774	1090.639
2775	1090.917
2776	1091.137
2777	1091.43
2778	1090.932
2779	1090.595
2780	1090.961
2781	1090.917
2782	1090.683
2783	1090.814
2784	1090.609
2785	1090.727
2786	1090.595
2787	1090.375
2788	1089.862
2789	1090.023
2790	1089.789
2791	1090.521
2792	1089.936
2793	1090.111
2794	1090.199
2795	1089.877
2796	1089.848
2797	1089.848
2798	1089.877
2799	1089.877
2800	1089.921
2801	1089.569
2802	1089.657
2803	1089.906
2804	1089.862
2805	1090.155
2806	1089.906
2807	1089.979
2808	1090.053
2809	1090.448
2810	1090.038
2811	1090.009
2812	1090.141
2813	1090.478
2814	1090.155
2815	1090.111
2816	1090.199
2817	1090.521
2818	1090.551
2819	1090.287
2820	1090.331
2821	1090.258
2822	1090.404
2823	1089.936
2824	1090.302
2825	1089.657
2826	1089.672
2827	1090.316
2828	1089.994
2829	1090.639
2830	1090.771
2831	1090.521
2832	1090.815
2833	1090.272
2834	1090.478
2835	1090.287
2836	1090.565
2837	1090.668
2838	1090.404
2839	1090.214
2840	1090.229
2841	1090.185
2842	1089.848
2843	1090.287
2844	1090.434
2845	1090.404
2846	1090.36
2847	1089.892
2848	1089.906
2849	1090.082
2850	1089.848
2851	1090.434
2852	1089.965
2853	1090.229
2854	1089.804
2855	1089.892
2856	1089.877
2857	1089.672
2858	1089.599
2859	1089.672
2860	1090.126
2861	1090.199
2862	1089.994
2863	1090.111
2864	1090.082
2865	1090.155
2866	1090.038
2867	1090.009
2868	1089.833
2869	1090.331
2870	1089.877
2871	1089.892
2872	1089.965
2873	1089.379
2874	1089.716
2875	1089.745
2876	1089.789
2877	1089.862
2878	1090.229
2879	1090.229
2880	1090.58
2881	1089.965
2882	1089.848
2883	1089.613
2884	1089.452
2885	1089.335
2886	1089.115
2887	1089.789
2888	1089.54
2889	1089.584
2890	1089.525
2891	1089.101
2892	1089.276
2893	1089.73
2894	1089.687
2895	1089.877
2896	1090.023
2897	1089.496
2898	1089.174
2899	1089.657
2900	1089.774
2901	1089.628
2902	1089.569
2903	1089.452
2904	1089.716
2905	1089.262
2906	1089.042
2907	1089.145
2908	1089.452
2909	1089.525
2910	1089.145
2911	1089.379
2912	1089.086
2913	1089.115
2914	1089.569
2915	1088.954
2916	1089.145
2917	1088.793
2918	1089.643
2919	1089.291
2920	1088.983
2921	1089.438
2922	1089.511
2923	1089.086
2924	1089.188
2925	1088.983
2926	1089.145
2927	1089.423
2928	1089.408
2929	1089.247
2930	1089.042
2931	1089.643
2932	1088.676
2933	1088.822
2934	1089.115
2935	1088.764
2936	1088.544
2937	1088.998
2938	1088.939
2939	1088.559
2940	1088.881
2941	1088.661
2942	1089.408
2943	1088.881
2944	1088.793
2945	1089.042
2946	1088.69
2947	1089.145
2948	1088.705
2949	1088.368
2950	1088.632
2951	1088.808
2952	1089.291
2953	1088.808
2954	1089.335
2955	1089.364
2956	1088.925
2957	1089.364
2958	1089.027
2959	1089.555
2960	1088.969
2961	1089.232
2962	1088.295
2963	1088.778
2964	1089.101
2965	1088.72
2966	1088.793
2967	1089.115
2968	1089.071
2969	1088.822
2970	1088.544
2971	1089.188
2972	1089.086
2973	1088.866
2974	1088.808
2975	1089.379
2976	1089.657
2977	1088.91
2978	1089.276
2979	1088.793
2980	1088.998
2981	1088.837
2982	1089.071
2983	1088.925
2984	1089.115
2985	1089.232
2986	1089.057
2987	1089.042
2988	1088.515
2989	1089.35
2990	1089.306
2991	1088.705
2992	1088.925
2993	1088.427
2994	1088.72
2995	1088.471
2996	1088.69
2997	1088.266
2998	1088.646
2999	1088.295
3000	1088.749
3001	1088.515
3002	1088.456
3003	1088.031
3004	1088.251
3005	1088.456
3006	1088.397
3007	1088.339
3008	1088.705
3009	1088.28
3010	1088.192
3011	1088.412
3012	1088.368
3013	1088.324
3014	1088.632
3015	1088.471
3016	1088.178
3017	1088.075
3018	1088.119
3019	1088.266
3020	1087.782
3021	1088.5
3022	1087.958
3023	1088.471
3024	1088.617
3025	1088.676
3026	1088.427
3027	1088.632
3028	1088.661
3029	1088.515
3030	1088.852
3031	1088.412
3032	1088.573
3033	1088.661
3034	1088.954
3035	1088.69
3036	1088.676
3037	1088.456
3038	1088.603
3039	1088.896
3040	1088.676
3041	1088.852
3042	1088.266
3043	1088.939
3044	1088.5
3045	1088.324
3046	1088.075
3047	1088.192
3048	1088.339
3049	1087.768
3050	1088.266
3051	1088.031
3052	1088.148
3053	1088.134
3054	1088.163
3055	1087.929
3056	1087.958
3057	1087.943
3058	1088.31
3059	1088.31
3060	1087.738
3061	1087.943
3062	1087.328
3063	1087.738
3064	1087.68
3065	1088.251
3066	1087.401
3067	1087.24
3068	1087.372
3069	1087.46
3070	1087.855
3071	1088.104
3072	1087.665
3073	1087.973
3074	1087.958
3075	1088.002
3076	1087.885
3077	1088.09
3078	1088.368
3079	1087.87
3080	1088.266
3081	1088.046
3082	1087.899
3083	1087.606
3084	1087.855
3085	1087.577
3086	1087.592
3087	1087.519
3088	1087.445
3089	1087.445
3090	1087.548
3091	1087.504
3092	1087.401
3093	1087.328
3094	1087.68
3095	1087.68
3096	1087.885
3097	1087.943
3098	1088.061
3099	1087.738
3100	1087.299
3101	1087.738
3102	1087.621
3103	1087.885
3104	1087.577
3105	1087.768
3106	1087.357
3107	1088.119
3108	1087.943
3109	1087.65
3110	1087.855
3111	1087.738
3112	1087.592
3113	1087.416
3114	1087.797
3115	1087.387
3116	1087.753
3117	1087.079
3118	1087.064
3119	1087.079
3120	1087.226
3121	1087.079
3122	1086.933
3123	1087.226
3124	1087.328
3125	1087.606
3126	1087.372
3127	1087.738
3128	1087.563
3129	1087.782
3130	1087.533
3131	1087.606
3132	1087.328
3133	1087.665
3134	1087.401
3135	1086.962
3136	1087.064
3137	1087.211
3138	1086.801
3139	1087.196
3140	1086.83
3141	1086.684
3142	1086.859
3143	1086.288
3144	1086.962
3145	1086.464
3146	1087.211
3147	1087.343
3148	1087.108
3149	1087.006
3150	1087.064
3151	1087.196
3152	1086.859
3153	1087.094
3154	1086.903
3155	1086.991
3156	1086.742
3157	1087.094
3158	1086.859
3159	1086.991
3160	1086.874
3161	1086.42
3162	1086.361
3163	1086.625
3164	1086.264
3165	1086.215
3166	1086.186
3167	1086.434
3168	1086.64
3169	1086.552
3170	1086.288
3171	1086.391
3172	1086.83
3173	1086.581
3174	1086.815
	
	
	
	
	
	
	
	
	
	
	
	
	
	
	
	
	
	
	
	
	
	
	
	
	
	
	
	
	
	
	
	
	
	
	
	
	
	
	
	
	
	
	
	
	
	
	
	
	
	
	
	
	
	
	
	
	
	
	
	
	
	
	
	
	
	
	
	
	
	
	
	
	
	
	
	
	
	
	
	
	
	
	
	
	
	
	
	
	
	
	
	
	
	
	
	
	
	
	
	
	
	
	
	
	
	
	
	
	
	
	
	
	
	
	
	
	
	
	
	
	
	
	
	
	
	
	
	
	
	
	
	
	
	
	
	
	
	
	
	
	
	
	
	
	
	
	
	
	
	
	
	
	
	
	
	
	
	
	
	
	
	
	
	
	
	
	
	
	
	
	
	
	
	
	
	
	
	
	
	
	
	
	
	
	
	
	
	
	
	
	
	
	
	
	
	
	
	
	
	
	
	
	
	
	
	
	
	
	
	
	
	
	
	
	
	
	
	
	
	
	
	
	
	
	
	
	
	
	
	
	
	
	
	
	
	
	
	
	
	
	
	
	
	
	
	
	
	
	
	
	
	
	
	
	
	
	
	
	
	
	
	
	
	
	
	
	
	
	
	
	
	
	
	
	
	
	
	
	
	
	
	
	
	
	
	
	
	
	
	
	
	
	
	
	
	
	
	
	
	
	
	
	
	
	
	
	
	
	
	
	
	
	
	
	
	
	
	
	
	
	
	
	
	
	
	
	
	
	
	
	
	
	
	
	
	
	
	
	
	
	
	
	
	
	
	
	
	
	
	
	
	
	
	
	
	
	
	
	
	
	
	
	
	
	
	
	
	
	
	
	
	
	
	
	
	
	
	
	
	
	
	
	
	
	
	
	
	
	
	
	
	
	
	
	
	
	
	
	
	
	
	
	
	
	
	
	
	
	
	
	
	
	
	
	
	
	
	
	
	
	
	
	
	
	
	
	
	
	
	
	
	
	
	
	
	
	
	
	
	
	
	
	
	
	
	
	
	
	
	
	
	
	
	
	
	
	
	
	
	
	
	
	
	
	
	
	
	
	
	
	
	
	
	
	
	
	
	
	
	
	
	
	
	
	
	
	
	
	
	
	
	
	
	
	
	
	
	
	
	
	
	
	
	
	
	
	
	
	
	
	
	
	
	
	
	
	
	
	
	
	
	
	
	
	
	
	
	
	
	
	
	
	
	
	
	
	
	
	
	
	
	
	
	
