0	1118.66
1	1118.745
2	1118.888
3	1118.761
4	1118.285
5	1118.999
6	1118.571
7	1118.571
8	1118.951
9	1118.713
10	1119.063
11	1119.237
12	1119.396
13	1118.872
14	1118.285
15	1118.269
16	1118.618
17	1119.063
18	1119.031
19	1118.999
20	1119.189
21	1118.555
22	1119.11
23	1118.475
24	1118.745
25	1119.205
26	1118.571
27	1118.396
28	1118.967
29	1118.92
30	1118.698
31	1118.872
32	1118.761
33	1118.967
34	1118.539
35	1119.015
36	1119.063
37	1118.809
38	1118.967
39	1118.19
40	1118.618
41	1118.555
42	1118.586
43	1118.491
44	1118.824
45	1118.539
46	1118.936
47	1118.634
48	1118.84
49	1118.586
50	1118.444
51	1118.11
52	1118.84
53	1119.047
54	1118.412
55	1118.84
56	1118.999
57	1118.507
58	1118.269
59	1118.206
60	1118.745
61	1118.364
62	1118.364
63	1118.65
64	1118.586
65	1118.11
66	1118.983
67	1118.221
68	1118.412
69	1118.809
70	1118.158
71	1117.968
72	1118.285
73	1118.079
74	1118.237
75	1117.634
76	1117.888
77	1118.015
78	1117.793
79	1118.142
80	1118.094
81	1118.221
82	1118.19
83	1118.269
84	1117.888
85	1117.761
86	1118.459
87	1117.904
88	1118.269
89	1117.809
90	1118.206
91	1117.888
92	1117.65
93	1117.936
94	1118.348
95	1118.555
96	1118.412
97	1117.952
98	1118.015
99	1117.904
100	1118.063
101	1117.587
102	1118.079
103	1118.364
104	1118.079
105	1117.936
106	1118.094
107	1118.126
108	1117.888
109	1117.856
110	1118.142
111	1117.38
112	1117.65
113	1117.603
114	1117.476
115	1117.555
116	1117.19
117	1117.872
118	1117.983
119	1117.349
120	1117.523
121	1117.92
122	1118.015
123	1117.523
124	1117.999
125	1118.475
126	1117.634
127	1117.952
128	1117.698
129	1117.65
130	1117.809
131	1117.111
132	1117.904
133	1117.666
134	1118.031
135	1117.19
136	1117.063
137	1117.444
138	1117.222
139	1117.761
140	1116.984
141	1117.587
142	1117.476
143	1117.349
144	1117.206
145	1117.142
146	1117.285
147	1117.349
148	1117.38
149	1118.094
150	1117.571
151	1117.142
152	1116.635
153	1117.777
154	1116.936
155	1117.317
156	1117.603
157	1117.444
158	1117.809
159	1117.428
160	1117.491
161	1117.412
162	1117.476
163	1116.857
164	1117.206
165	1117.365
166	1116.873
167	1117.444
168	1117.19
169	1117.015
170	1116.92
171	1117.682
172	1117.682
173	1116.936
174	1117.476
175	1117.19
176	1117.142
177	1116.968
178	1117.158
179	1117.079
180	1117.349
181	1117
182	1117.063
183	1117.523
184	1116.984
185	1117.095
186	1116.952
187	1117.047
188	1116.571
189	1117.301
190	1116.682
191	1116.952
192	1116.73
193	1116.984
194	1116.936
195	1116.682
196	1116.746
197	1116.857
198	1118.713
199	1118.824
200	1118.174
201	1117.491
202	1117.301
203	1116.841
204	1117.349
205	1116.809
206	1117.507
207	1117.015
208	1117.095
209	1116.888
210	1116.793
211	1117.365
212	1116.539
213	1116.682
214	1116.793
215	1116.746
216	1116.428
217	1116.825
218	1116.809
219	1116.841
220	1116.698
221	1116.254
222	1116.016
223	1116.158
224	1116.444
225	1116.92
226	1116.333
227	1116.428
228	1116.301
229	1116.46
230	1116.428
231	1116.936
232	1116.936
233	1116.888
234	1116.809
235	1116.111
236	1116.079
237	1116.206
238	1116.523
239	1116.238
240	1115.952
241	1116.412
242	1116.333
243	1116.587
244	1117.063
245	1116.095
246	1116.507
247	1116.492
248	1116.19
249	1116.539
250	1115.603
251	1116.031
252	1116.349
253	1115.92
254	1116.222
255	1116.063
256	1116.444
257	1115.825
258	1116.206
259	1116.047
260	1115.936
261	1116.158
262	1116.127
263	1115.777
264	1115.904
265	1115.666
266	1116
267	1116.222
268	1115.936
269	1116.476
270	1116.079
271	1115.92
272	1116.301
273	1115.793
274	1116.825
275	1116.285
276	1116.222
277	1116.079
278	1116.079
279	1115.666
280	1115.777
281	1116.206
282	1115.809
283	1115.159
284	1115.666
285	1116.254
286	1115.762
287	1115.841
288	1115.762
289	1115.762
290	1115.571
291	1116.19
292	1115.651
293	1115.952
294	1115.603
295	1115.714
296	1116.047
297	1115.666
298	1116
299	1115.381
300	1115.651
301	1115.873
302	1115.555
303	1115.381
304	1115.587
305	1115.27
306	1115.476
307	1115.857
308	1115.666
309	1115.904
310	1115.492
311	1115.587
312	1115.571
313	1115.873
314	1115.698
315	1115.349
316	1115.428
317	1115.317
318	1115.476
319	1115.349
320	1115.651
321	1115.571
322	1115.301
323	1115.714
324	1115.492
325	1115.174
326	1114.921
327	1115.254
328	1115.444
329	1115.206
330	1115.46
331	1115.095
332	1115.079
333	1115.444
334	1115.539
335	1115.222
336	1114.905
337	1115.365
338	1114.635
339	1115.333
340	1114.841
341	1115.365
342	1115.286
343	1115.333
344	1115.032
345	1115.111
346	1115.143
347	1115.19
348	1114.619
349	1115.063
350	1115.127
351	1115.159
352	1114.698
353	1115
354	1115.095
355	1114.841
356	1114.73
357	1115.19
358	1115.111
359	1114.905
360	1115.127
361	1114.905
362	1115.063
363	1114.46
364	1114.302
365	1114.873
366	1114.365
367	1114.365
368	1114.508
369	1114.746
370	1114.603
371	1114.746
372	1114.778
373	1114.635
374	1114.651
375	1114.556
376	1114.381
377	1114.286
378	1114.365
379	1114.873
380	1115.047
381	1114.698
382	1114.682
383	1114.349
384	1114.857
385	1114.778
386	1114.444
387	1114.508
388	1114.27
389	1114.143
390	1114.429
391	1114.968
392	1114.746
393	1114.714
394	1114.682
395	1114.587
396	1114.27
397	1114.079
398	1113.413
399	1114.238
400	1114.444
401	1114.476
402	1115.143
403	1114.762
404	1114.619
405	1114.825
406	1114.841
407	1114.476
408	1114.27
409	1113.889
410	1114.476
411	1114.048
412	1113.667
413	1114.222
414	1113.905
415	1114.302
416	1114.159
417	1114.048
418	1114.714
419	1114
420	1114.127
421	1114.413
422	1113.73
423	1114.46
424	1114.238
425	1114.365
426	1113.889
427	1113.587
428	1114.079
429	1114.159
430	1113.921
431	1113.921
432	1114.27
433	1113.873
434	1113.746
435	1113.667
436	1113.651
437	1113.73
438	1113.651
439	1114.048
440	1114.19
441	1113.952
442	1114.254
443	1113.603
444	1113.905
445	1113.746
446	1114.016
447	1114.159
448	1114
449	1113.73
450	1113.825
451	1113.73
452	1114.063
453	1113.714
454	1113.651
455	1114.413
456	1113.857
457	1113.889
458	1114.492
459	1113.937
460	1113.937
461	1113.46
462	1113.508
463	1113.143
464	1113.556
465	1113.603
466	1113.492
467	1113.254
468	1113.54
469	1113.54
470	1113.73
471	1113.302
472	1113.968
473	1113.286
474	1113.825
475	1113.635
476	1113.191
477	1113.381
478	1113.698
479	1113.556
480	1113.445
481	1114.016
482	1113.381
483	1113.556
484	1113.333
485	1113.794
486	1113.254
487	1113.159
488	1113.572
489	1113.365
490	1113.175
491	1113.619
492	1113.397
493	1113.397
494	1113.207
495	1113.365
496	1113.429
497	1113.365
498	1113.016
499	1112.762
500	1112.937
501	1113
502	1113.27
503	1112.73
504	1113.429
505	1113.032
506	1113.175
507	1112.953
508	1112.651
509	1112.969
510	1112.635
511	1113.032
512	1112.635
513	1112.937
514	1113.381
515	1113.333
516	1113.111
517	1113.254
518	1113.127
519	1112.397
520	1112.715
521	1112.619
522	1112.905
523	1112.969
524	1113.445
525	1112.651
526	1113
527	1112.905
528	1112.635
529	1112.842
530	1112.937
531	1112.715
532	1112.794
533	1112.604
534	1112.286
535	1112.921
536	1112.239
537	1112.54
538	1112.302
539	1112.778
540	1112.953
541	1112.254
542	1112.762
543	1112.54
544	1112.191
545	1112.683
546	1112.365
547	1112.842
548	1112.032
549	1112.365
550	1112.318
551	1112.239
552	1112.635
553	1112.318
554	1112.81
555	1112.286
556	1112.477
557	1112.334
558	1112.286
559	1112.175
560	1112.477
561	1112.254
562	1112.302
563	1112.239
564	1111.953
565	1112.365
566	1111.985
567	1112.318
568	1112
569	1112.207
570	1111.937
571	1112.604
572	1112.254
573	1111.762
574	1112.064
575	1112.143
576	1112.239
577	1112.477
578	1111.953
579	1111.985
580	1112.143
581	1111.667
582	1111.794
583	1111.302
584	1111.635
585	1111.699
586	1111.889
587	1111.874
588	1111.778
589	1111.509
590	1112.048
591	1112.048
592	1111.667
593	1111.826
594	1112.016
595	1111.778
596	1112.143
597	1111.985
598	1112.159
599	1111.683
600	1111.699
601	1111.762
602	1111.921
603	1111.889
604	1111.239
605	1111.239
606	1111.477
607	1111.842
608	1111.874
609	1111.144
610	1111.556
611	1111.572
612	1111.588
613	1111.509
614	1111.937
615	1111.905
616	1111.794
617	1111.001
618	1111.271
619	1111.493
620	1111.826
621	1111.207
622	1111.318
623	1111.286
624	1111.159
625	1111.207
626	1111.366
627	1111.207
628	1111.096
629	1111.207
630	1110.826
631	1111.683
632	1111.794
633	1111.191
634	1111.286
635	1111.255
636	1110.937
637	1110.858
638	1111.128
639	1110.985
640	1111.08
641	1110.525
642	1111.144
643	1110.81
644	1110.937
645	1110.826
646	1111.017
647	1110.525
648	1110.493
649	1111.064
650	1110.525
651	1111.017
652	1111.128
653	1110.525
654	1110.207
655	1110.572
656	1110.667
657	1110.874
658	1110.604
659	1111.032
660	1110.604
661	1111.08
662	1110.953
663	1110.842
664	1110.858
665	1111.128
666	1110.842
667	1110.969
668	1110.699
669	1110.985
670	1110.62
671	1110.525
672	1111.048
673	1110.969
674	1111.064
675	1110.287
676	1110.636
677	1110.715
678	1110.683
679	1109.779
680	1110.429
681	1109.747
682	1110.128
683	1110.176
684	1110.191
685	1110.08
686	1110.017
687	1110.318
688	1110.239
689	1110.239
690	1110.287
691	1110.461
692	1110.271
693	1110.429
694	1110.144
695	1110.128
696	1110.033
697	1110.191
698	1110.239
699	1110.207
700	1110.62
701	1110.112
702	1110.366
703	1110.207
704	1110.747
705	1110.271
706	1110.128
707	1109.922
708	1110.144
709	1109.938
710	1110.017
711	1110.144
712	1110.017
713	1110.382
714	1110.207
715	1110.398
716	1110.509
717	1109.842
718	1110.398
719	1110.16
720	1110.16
721	1110.255
722	1109.477
723	1110.033
724	1109.208
725	1109.573
726	1109.366
727	1109.255
728	1109.842
729	1109.795
730	1109.604
731	1109.826
732	1109.493
733	1109.938
734	1109.795
735	1109.89
736	1109.319
737	1109.795
738	1109.477
739	1109.43
740	1109.319
741	1109.573
742	1109.779
743	1109.509
744	1108.62
745	1109.779
746	1109.319
747	1109.43
748	1109.414
749	1109.065
750	1109.096
751	1109.065
752	1109.446
753	1109.795
754	1109.382
755	1109.112
756	1109.303
757	1109.509
758	1109.382
759	1109.652
760	1109.334
761	1109.366
762	1109.176
763	1109.366
764	1108.715
765	1109.287
766	1109.017
767	1109.43
768	1108.969
769	1109.35
770	1109.303
771	1108.953
772	1109.652
773	1109.35
774	1109.112
775	1109.509
776	1108.652
777	1109.001
778	1108.668
779	1109.16
780	1108.969
781	1108.35
782	1109.033
783	1108.795
784	1108.414
785	1109.239
786	1108.938
787	1109.065
788	1108.763
789	1109.065
790	1109.049
791	1108.271
792	1108.715
793	1108.795
794	1109.239
795	1108.335
796	1108.462
797	1108.493
798	1108.684
799	1108.715
800	1109.065
801	1108.763
802	1108.493
803	1108.43
804	1108.208
805	1108.255
806	1108.414
807	1108.652
808	1107.938
809	1108.16
810	1108.477
811	1108.7
812	1108.763
813	1108.319
814	1108.128
815	1107.954
816	1108.573
817	1108.081
818	1107.922
819	1107.763
820	1108.525
821	1107.716
822	1108.271
823	1108.477
824	1108.081
825	1107.827
826	1108.208
827	1107.954
828	1107.97
829	1107.541
830	1107.668
831	1107.985
832	1107.922
833	1107.763
834	1107.827
835	1107.494
836	1107.843
837	1107.494
838	1107.636
839	1107.43
840	1107.176
841	1106.875
842	1107.303
843	1107.144
844	1107.224
845	1107.335
846	1107.89
847	1107.478
848	1107.16
849	1107.049
850	1107.097
851	1107.097
852	1107.271
853	1106.938
854	1106.891
855	1106.859
856	1106.7
857	1106.478
858	1106.859
859	1107.351
860	1107.335
861	1106.843
862	1107.144
863	1106.922
864	1106.652
865	1106.7
866	1106.954
867	1106.764
868	1107.208
869	1106.367
870	1106.446
871	1105.637
872	1106.526
873	1106.129
874	1106.43
875	1106.367
876	1106.351
877	1106.367
878	1106.16
879	1105.78
880	1106.113
881	1106.526
882	1106.51
883	1106.589
884	1105.795
885	1105.843
886	1106.399
887	1106.24
888	1106.383
889	1106.462
890	1106.51
891	1106.002
892	1105.891
893	1105.891
894	1105.859
895	1105.7
896	1105.526
897	1105.605
898	1105.288
899	1105.795
900	1105.383
901	1105.605
902	1105.954
903	1105.668
904	1105.811
905	1105.78
906	1105.351
907	1105.526
908	1105.51
909	1105.637
910	1105.023
911	1105.161
912	1104.732
913	1104.891
914	1105.288
915	1105.065
916	1105.51
917	1104.923
918	1105.034
919	1104.923
920	1105.192
921	1104.748
922	1104.653
923	1105.097
924	1104.97
925	1104.542
926	1104.97
927	1104.938
928	1105.034
929	1104.542
930	1104.161
931	1104.51
932	1104.335
933	1104.669
934	1104.447
935	1104.732
936	1104.335
937	1104.7
938	1104.193
939	1104.573
940	1104.796
941	1104.177
942	1104.383
943	1104.05
944	1104.399
945	1104.082
946	1104.589
947	1104.78
948	1104.589
949	1104.082
950	1104.415
951	1104.224
952	1103.844
953	1104.05
954	1103.748
955	1103.637
956	1103.526
957	1103.812
958	1103.605
959	1103.955
960	1103.844
961	1104.018
962	1103.193
963	1103.828
964	1103.463
965	1103.383
966	1103.717
967	1103.907
968	1103.923
969	1103.653
970	1102.844
971	1103.161
972	1103.304
973	1103.161
974	1104.05
975	1103.637
976	1103.209
977	1103.129
978	1103.129
979	1102.987
980	1103.24
981	1103.399
982	1102.987
983	1103.177
984	1102.384
985	1103.114
986	1102.939
987	1103.209
988	1102.685
989	1102.749
990	1103.24
991	1103.288
992	1103.415
993	1102.701
994	1102.891
995	1102.669
996	1102.987
997	1102.526
998	1102.622
999	1102.59
1000	1102.399
1001	1102.526
1002	1102.637
1003	1102.177
1004	1102.542
1005	1102.733
1006	1102.796
1007	1102.844
1008	1102.209
1009	1102.05
1010	1101.892
1011	1102.13
1012	1102.257
1013	1102.209
1014	1101.971
1015	1101.796
1016	1102.098
1017	1101.669
1018	1102.161
1019	1101.638
1020	1102.05
1021	1102.003
1022	1101.638
1023	1101.431
1024	1101.146
1025	1101.447
1026	1101.479
1027	1101.574
1028	1101.304
1029	1101.368
1030	1101.431
1031	1101.527
1032	1100.765
1033	1100.638
1034	1101.241
1035	1100.685
1036	1101.32
1037	1101.606
1038	1101.193
1039	1101.289
1040	1100.749
1041	1100.844
1042	1100.924
1043	1101.082
1044	1100.749
1045	1100.638
1046	1100.463
1047	1100.781
1048	1100.543
1049	1100.685
1050	1100.336
1051	1100.765
1052	1100.543
1053	1100.765
1054	1101.051
1055	1100.495
1056	1100.527
1057	1100.812
1058	1100.432
1059	1100.733
1060	1100.463
1061	1100.368
1062	1100.273
1063	1100.114
1064	1099.86
1065	1100.162
1066	1099.971
1067	1100.257
1068	1100.051
1069	1099.892
1070	1100.003
1071	1100.32
1072	1099.702
1073	1099.955
1074	1100.13
1075	1100.289
1076	1099.813
1077	1099.955
1078	1099.384
1079	1099.876
1080	1099.828
1081	1099.876
1082	1099.495
1083	1099.352
1084	1099.606
1085	1099.654
1086	1099.416
1087	1099.321
1088	1099.495
1089	1099.495
1090	1099.448
1091	1099.273
1092	1099.257
1093	1099.495
1094	1099.352
1095	1099.479
1096	1099.289
1097	1099.21
1098	1099.432
1099	1099.416
1100	1099.257
1101	1098.749
1102	1099.225
1103	1099.003
1104	1099.21
1105	1099.289
1106	1099.321
1107	1098.829
1108	1098.892
1109	1099.099
1110	1098.67
1111	1099.114
1112	1098.829
1113	1099.241
1114	1098.67
1115	1098.559
1116	1098.527
1117	1098.829
1118	1099.019
1119	1098.686
1120	1098.622
1121	1098.432
1122	1098.892
1123	1098.749
1124	1098.956
1125	1098.448
1126	1098.622
1127	1098.273
1128	1098.4
1129	1098.734
1130	1098.448
1131	1098.448
1132	1098.194
1133	1098.416
1134	1097.861
1135	1097.924
1136	1097.924
1137	1098.162
1138	1097.94
1139	1097.861
1140	1098.305
1141	1097.892
1142	1098.083
1143	1097.654
1144	1097.718
1145	1097.734
1146	1097.416
1147	1097.464
1148	1097.797
1149	1098.257
1150	1097.972
1151	1097.464
1152	1097.035
1153	1097.686
1154	1097.48
1155	1097.448
1156	1097.321
1157	1097.702
1158	1097.416
1159	1097.48
1160	1097.289
1161	1097.591
1162	1097.146
1163	1097.02
1164	1097.416
1165	1097.321
1166	1097.131
1167	1097.496
1168	1097.464
1169	1097.21
1170	1096.861
1171	1096.924
1172	1097.02
1173	1097.146
1174	1097.115
1175	1097.162
1176	1097.115
1177	1097.162
1178	1097.083
1179	1096.432
1180	1096.766
1181	1096.829
1182	1096.877
1183	1097.02
1184	1096.528
1185	1096.099
1186	1096.194
1187	1096.496
1188	1096.242
1189	1096.353
1190	1096.432
1191	1096.639
1192	1096.178
1193	1096.115
1194	1096.147
1195	1096.178
1196	1096.036
1197	1096.052
1198	1096.226
1199	1096.004
1200	1096.29
1201	1095.734
1202	1095.845
1203	1095.591
1204	1095.798
1205	1095.718
1206	1095.671
1207	1095.195
1208	1095.813
1209	1095.798
1210	1095.909
1211	1096.036
1212	1095.702
1213	1095.798
1214	1095.433
1215	1095.179
1216	1095.528
1217	1094.877
1218	1095.448
1219	1095.401
1220	1095.385
1221	1095.147
1222	1095.433
1223	1094.782
1224	1094.845
1225	1095.068
1226	1094.75
1227	1095.147
1228	1095.036
1229	1094.988
1230	1094.877
1231	1095.29
1232	1094.972
1233	1095.052
1234	1094.623
1235	1094.607
1236	1094.274
1237	1094.528
1238	1094.925
1239	1095.052
1240	1094.893
1241	1094.528
1242	1094.592
1243	1094.877
1244	1094.639
1245	1094.639
1246	1094.734
1247	1094.56
1248	1094.56
1249	1094.354
1250	1094.655
1251	1094.465
1252	1094.639
1253	1094.1
1254	1094.576
1255	1094.084
1256	1094.972
1257	1094.211
1258	1094.052
1259	1094.02
1260	1093.957
1261	1093.798
1262	1094.671
1263	1094.131
1264	1093.877
1265	1093.544
1266	1093.766
1267	1093.75
1268	1093.608
1269	1093.925
1270	1094.004
1271	1093.671
1272	1093.893
1273	1093.989
1274	1093.877
1275	1094.068
1276	1093.322
1277	1093.401
1278	1093.338
1279	1093.179
1280	1093.75
1281	1093.481
1282	1093.401
1283	1093.703
1284	1093.624
1285	1093.274
1286	1093.449
1287	1093.306
1288	1093.465
1289	1092.925
1290	1093.306
1291	1093.417
1292	1093.258
1293	1092.782
1294	1093.862
1295	1092.957
1296	1093.592
1297	1093.56
1298	1093.925
1299	1092.957
1300	1092.941
1301	1092.703
1302	1092.624
1303	1092.878
1304	1092.29
1305	1093.322
1306	1092.909
1307	1092.846
1308	1092.64
1309	1092.83
1310	1092.989
1311	1092.989
1312	1092.592
1313	1093.02
1314	1092.798
1315	1092.576
1316	1092.608
1317	1092.29
1318	1092.163
1319	1092.433
1320	1092.513
1321	1092.671
1322	1092.29
1323	1092.116
1324	1092.528
1325	1092.513
1326	1092.481
1327	1092.243
1328	1092.624
1329	1091.608
1330	1091.751
1331	1092.37
1332	1092.148
1333	1092.211
1334	1091.894
1335	1091.56
1336	1091.989
1337	1091.735
1338	1092.068
1339	1091.672
1340	1091.989
1341	1092.132
1342	1092.195
1343	1092.005
1344	1091.703
1345	1091.481
1346	1091.608
1347	1091.418
1348	1091.386
1349	1091.576
1350	1091.307
1351	1091.195
1352	1090.926
1353	1091.846
1354	1091.449
1355	1091.37
1356	1090.989
1357	1091.719
1358	1090.751
1359	1091.418
1360	1091.656
1361	1090.91
1362	1091.18
1363	1091.164
1364	1091.386
1365	1091.386
1366	1090.91
1367	1090.751
1368	1091.37
1369	1091.148
1370	1091.005
1371	1090.973
1372	1091.116
1373	1090.799
1374	1091.068
1375	1090.815
1376	1090.846
1377	1090.561
1378	1090.767
1379	1090.799
1380	1090.561
1381	1090.815
1382	1090.465
1383	1090.465
1384	1090.83
1385	1090.354
1386	1090.719
1387	1090.656
1388	1090.164
1389	1090.561
1390	1090.481
1391	1090.418
1392	1090.434
1393	1089.958
1394	1090.005
1395	1090.116
1396	1089.989
1397	1089.64
1398	1089.513
1399	1090.307
1400	1090.148
1401	1090.164
1402	1089.815
1403	1090.005
1404	1090.1
1405	1089.751
1406	1089.973
1407	1089.799
1408	1090.116
1409	1089.085
1410	1090.021
1411	1089.037
1412	1089.577
1413	1089.593
1414	1089.958
1415	1089.783
1416	1089.799
1417	1089.862
1418	1089.989
1419	1089.783
1420	1089.878
1421	1088.831
1422	1089.513
1423	1089.751
1424	1089.339
1425	1089.529
1426	1089.815
1427	1089.418
1428	1089.545
1429	1089.513
1430	1089.243
1431	1088.72
1432	1089.243
1433	1089.418
1434	1089.053
1435	1089.259
1436	1089.069
1437	1088.958
1438	1089.593
1439	1088.942
1440	1088.863
1441	1088.577
1442	1088.799
1443	1089.196
1444	1088.799
1445	1088.831
1446	1088.704
1447	1088.244
1448	1088.672
1449	1088.815
1450	1088.99
1451	1088.942
1452	1088.91
1453	1089.243
1454	1089.021
1455	1089.164
1456	1089.45
1457	1089.037
1458	1088.831
1459	1088.545
1460	1088.498
1461	1088.291
1462	1088.482
1463	1088.069
1464	1088.513
1465	1088.529
1466	1088.767
1467	1088.101
1468	1088.482
1469	1088.974
1470	1088.688
1471	1088.053
1472	1088.275
1473	1088.196
1474	1087.641
1475	1088.513
1476	1087.91
1477	1088.085
1478	1088.148
1479	1088.545
1480	1088.18
1481	1088.561
1482	1088.323
1483	1088.307
1484	1088.275
1485	1087.847
1486	1088.069
1487	1088.371
1488	1088.037
1489	1088.212
1490	1087.641
1491	1088.386
1492	1087.783
1493	1087.641
1494	1087.91
1495	1087.545
1496	1087.895
1497	1087.974
1498	1087.895
1499	1087.831
1500	1087.815
1501	1087.99
1502	1087.641
1503	1087.593
1504	1087.72
1505	1088.529
1506	1087.736
1507	1088.418
1508	1088.053
1509	1087.45
1510	1087.434
1511	1088.18
1512	1087.99
1513	1088.037
1514	1087.72
1515	1087.561
1516	1087.72
1517	1088.053
1518	1087.99
1519	1087.99
1520	1088.053
1521	1088.402
1522	1087.656
1523	1087.672
1524	1087.99
1525	1087.974
1526	1087.45
1527	1087.799
1528	1087.847
1529	1087.323
1530	1087.704
1531	1087.641
1532	1087.783
1533	1087.371
1534	1088.037
1535	1087.704
1536	1087.942
1537	1087.577
1538	1087.307
1539	1087.736
1540	1087.26
1541	1087.403
1542	1087.625
1543	1087.736
1544	1087.244
1545	1087.323
1546	1087.482
1547	1087.609
1548	1087.101
1549	1087.561
1550	1087.26
1551	1087.101
1552	1087.006
1553	1086.974
1554	1086.911
1555	1087.53
1556	1087.371
1557	1087.228
1558	1086.942
1559	1086.99
1560	1087.228
1561	1087.069
1562	1087.069
1563	1087.165
1564	1086.72
1565	1086.688
1566	1086.879
1567	1086.07
1568	1087.038
1569	1086.974
1570	1086.8
1571	1086.577
1572	1086.879
1573	1087.133
1574	1086.831
1575	1086.736
1576	1086.593
1577	1087.069
1578	1086.752
1579	1086.466
1580	1086.292
1581	1086.831
1582	1086.228
1583	1086.498
1584	1086.006
1585	1086.609
1586	1085.72
1587	1086.339
1588	1086.577
1589	1087.038
1590	1086.673
1591	1086.53
1592	1086.181
1593	1086.466
1594	1086.593
1595	1086.831
1596	1086.355
1597	1086.101
1598	1086.847
1599	1086.736
1600	1086.815
1601	1086.593
1602	1086.403
1603	1085.832
1604	1086.181
1605	1086.371
1606	1086.054
1607	1086.577
1608	1086.482
1609	1086.197
1610	1086.371
1611	1086.323
1612	1086.054
1613	1086.149
1614	1086.498
1615	1085.816
1616	1086.244
1617	1086.403
1618	1086.308
1619	1085.943
1620	1085.974
1621	1085.784
1622	1085.911
1623	1086.292
1624	1086.165
1625	1086.117
1626	1086.276
1627	1086.562
1628	1085.482
1629	1085.72
1630	1085.705
1631	1085.8
1632	1085.641
1633	1085.165
1634	1085.625
1635	1086.133
1636	1086.022
1637	1085.911
1638	1085.736
1639	1085.832
1640	1085.197
1641	1085.594
1642	1085.625
1643	1085.26
1644	1086.022
1645	1085.879
1646	1085.514
1647	1085.292
1648	1085.276
1649	1085.292
1650	1085.482
1651	1085.371
1652	1085.149
1653	1085.07
1654	1085.276
1655	1085.054
1656	1085.482
1657	1085.816
1658	1085.371
1659	1084.752
1660	1085.117
1661	1085.34
1662	1085.149
1663	1085.594
1664	1085.133
1665	1085.609
1666	1085.213
1667	1085.276
1668	1085.197
1669	1085.292
1670	1085.498
1671	1085.308
1672	1085.228
1673	1085.165
1674	1085.197
1675	1085.149
1676	1084.832
1677	1084.467
1678	1084.562
1679	1085.086
1680	1085.038
1681	1084.657
1682	1084.435
1683	1084.768
1684	1084.641
1685	1084.784
1686	1084.736
1687	1084.451
1688	1084.911
1689	1085.054
1690	1084.736
1691	1084.784
1692	1084.657
1693	1084.99
1694	1084.784
1695	1084.832
1696	1084.99
1697	1084.911
1698	1084.911
1699	1084.768
1700	1084.705
1701	1084.324
1702	1084.483
1703	1084.673
1704	1084.562
1705	1084.435
1706	1084.514
1707	1084.641
1708	1084.689
1709	1084.229
1710	1083.991
1711	1083.88
1712	1084.498
1713	1084.451
1714	1084.736
1715	1084.276
1716	1084.34
1717	1084.276
1718	1084.197
1719	1084.149
1720	1084.054
1721	1084.8
1722	1084.181
1723	1084.102
1724	1084.371
1725	1084.689
1726	1084.292
1727	1084.006
1728	1084.419
1729	1083.864
1730	1083.927
1731	1084.197
1732	1083.8
1733	1084.006
1734	1083.721
1735	1083.435
1736	1084.054
1737	1083.753
1738	1084.403
1739	1084.07
1740	1083.8
1741	1084.245
1742	1084.308
1743	1084.324
1744	1084.086
1745	1083.578
1746	1083.737
1747	1083.816
1748	1083.991
1749	1083.816
1750	1083.784
1751	1083.864
1752	1084.197
1753	1083.705
1754	1084.245
1755	1083.515
1756	1083.419
1757	1083.705
1758	1084.07
1759	1083.578
1760	1083.721
1761	1083.546
1762	1083.61
1763	1083.626
1764	1083.26
1765	1083.499
1766	1083.594
1767	1083.911
1768	1083.483
1769	1083.626
1770	1084.038
1771	1083.467
1772	1083.134
1773	1083.784
1774	1082.784
1775	1083.562
1776	1083.086
1777	1083.705
1778	1083.403
1779	1083.451
1780	1082.848
1781	1083.102
1782	1083.435
1783	1083.499
1784	1083.165
1785	1082.594
1786	1083.372
1787	1082.356
1788	1083.054
1789	1083.086
1790	1083.419
1791	1082.769
1792	1082.864
1793	1083.007
1794	1082.848
1795	1082.975
1796	1083.165
1797	1082.896
1798	1083.388
1799	1082.705
1800	1082.832
1801	1083.372
1802	1083.054
1803	1082.911
1804	1082.943
1805	1083.007
1806	1082.88
1807	1082.721
1808	1083.007
1809	1082.927
1810	1082.499
1811	1082.594
1812	1082.531
1813	1082.784
1814	1082.975
1815	1082.34
1816	1082.991
1817	1082.769
1818	1082.943
1819	1082.721
1820	1082.943
1821	1082.308
1822	1082.896
1823	1082.594
1824	1082.562
1825	1082.784
1826	1082.451
1827	1082.991
1828	1082.864
1829	1082.404
1830	1082.419
1831	1082.134
1832	1082.054
1833	1082.8
1834	1082.483
1835	1082.531
1836	1081.912
1837	1082.864
1838	1081.912
1839	1082.388
1840	1082.15
1841	1082.578
1842	1082.578
1843	1082.308
1844	1082.118
1845	1082.102
1846	1082.451
1847	1082.594
1848	1081.959
1849	1082.039
1850	1082.277
1851	1082.213
1852	1082.166
1853	1082.023
1854	1082.039
1855	1081.959
1856	1081.848
1857	1081.61
1858	1081.658
1859	1082.292
1860	1082.356
1861	1082.007
1862	1082.086
1863	1082.07
1864	1081.991
1865	1082.134
1866	1082.229
1867	1081.61
1868	1081.689
1869	1081.769
1870	1082.15
1871	1081.927
1872	1081.912
1873	1081.832
1874	1081.721
1875	1081.626
1876	1081.483
1877	1081.959
1878	1081.451
1879	1081.927
1880	1081.927
1881	1081.896
1882	1081.943
1883	1081.864
1884	1081.547
1885	1081.658
1886	1081.356
1887	1082.261
1888	1081.039
1889	1081.705
1890	1081.832
1891	1082.007
1892	1081.785
1893	1081.547
1894	1081.594
1895	1081.42
1896	1081.071
1897	1081.753
1898	1081.356
1899	1081.372
1900	1081.499
1901	1081.594
1902	1081.515
1903	1081.674
1904	1081.499
1905	1081.737
1906	1081.261
1907	1081.594
1908	1081.166
1909	1081.451
1910	1081.166
1911	1081.753
1912	1081.356
1913	1081.721
1914	1081.182
1915	1081.642
1916	1081.229
1917	1081.578
1918	1081.071
1919	1081.213
1920	1081.483
1921	1081.293
1922	1080.959
1923	1081.547
1924	1081.023
1925	1081.293
1926	1080.944
1927	1081.229
1928	1080.769
1929	1081.293
1930	1081.023
1931	1081.182
1932	1081.483
1933	1080.944
1934	1081.102
1935	1081.007
1936	1080.944
1937	1080.547
1938	1081.055
1939	1080.563
1940	1081.388
1941	1081.039
1942	1081.182
1943	1080.61
1944	1080.944
1945	1081.436
1946	1081.118
1947	1080.944
1948	1080.626
1949	1080.975
1950	1080.579
1951	1080.848
1952	1081.182
1953	1080.69
1954	1081.086
1955	1080.706
1956	1080.579
1957	1080.944
1958	1080.864
1959	1080.721
1960	1081.134
1961	1080.896
1962	1081.134
1963	1080.896
1964	1080.468
1965	1080.182
1966	1080.944
1967	1080.753
1968	1080.769
1969	1080.801
1970	1080.69
1971	1080.372
1972	1080.817
1973	1080.531
1974	1080.88
1975	1080.991
1976	1080.706
1977	1080.214
1978	1080.372
1979	1080.309
1980	1080.928
1981	1080.404
1982	1080.134
1983	1080.42
1984	1080.658
1985	1080.277
1986	1080.531
1987	1080.642
1988	1079.912
1989	1080.515
1990	1080.293
1991	1080.658
1992	1080.118
1993	1080.325
1994	1079.674
1995	1079.484
1996	1080.118
1997	1079.896
1998	1080.372
1999	1079.817
2000	1080.229
2001	1079.928
2002	1079.849
2003	1079.833
2004	1080.198
2005	1079.579
2006	1079.595
2007	1080.436
2008	1080.452
2009	1080.341
2010	1079.976
2011	1080.468
2012	1079.849
2013	1079.976
2014	1080.023
2015	1080.087
2016	1079.912
2017	1080.166
2018	1079.611
2019	1079.388
2020	1079.928
2021	1079.738
2022	1079.96
2023	1080.103
2024	1079.801
2025	1079.293
2026	1079.626
2027	1079.357
2028	1079.452
2029	1079.928
2030	1080.15
2031	1079.944
2032	1079.753
2033	1079.452
2034	1080.214
2035	1080.103
2036	1079.928
2037	1079.388
2038	1079.833
2039	1080.166
2040	1080.103
2041	1079.738
2042	1079.611
2043	1079.357
2044	1079.833
2045	1079.404
2046	1079.817
2047	1079.357
2048	1079.706
2049	1079.642
2050	1080.023
2051	1079.912
2052	1080.293
2053	1079.626
2054	1079.579
2055	1079.531
2056	1079.15
2057	1079.515
2058	1079.785
2059	1079.468
2060	1079.103
2061	1079.642
2062	1079.484
2063	1079.373
2064	1079.119
2065	1079.515
2066	1079.055
2067	1079.404
2068	1079.579
2069	1079.198
2070	1079.119
2071	1079.087
2072	1079.15
2073	1078.881
2074	1079.198
2075	1079.42
2076	1079.5
2077	1078.817
2078	1079.341
2079	1079.373
2080	1079.214
2081	1079.261
2082	1079.357
2083	1079.15
2084	1079.5
2085	1079.357
2086	1079.135
2087	1079.055
2088	1079.515
2089	1079.261
2090	1079.452
2091	1078.96
2092	1079.15
2093	1079.023
2094	1078.976
2095	1078.627
2096	1079.023
2097	1079.182
2098	1078.96
2099	1078.896
2100	1079.119
2101	1079.42
2102	1078.865
2103	1079.182
2104	1078.341
2105	1079.293
2106	1078.849
2107	1079.039
2108	1078.69
2109	1078.738
2110	1078.579
2111	1078.373
2112	1078.658
2113	1078.278
2114	1078.658
2115	1079.246
2116	1078.96
2117	1078.278
2118	1078.405
2119	1078.452
2120	1078.706
2121	1078.531
2122	1078.722
2123	1078.69
2124	1078.563
2125	1078.992
2126	1078.167
2127	1078.246
2128	1078.119
2129	1078.69
2130	1079.039
2131	1078.389
2132	1078.801
2133	1078.976
2134	1078.881
2135	1078.801
2136	1078.5
2137	1078.135
2138	1078.309
2139	1077.913
2140	1077.897
2141	1078.389
2142	1078.627
2143	1078.278
2144	1077.976
2145	1078.658
2146	1078.516
2147	1078.23
2148	1078.119
2149	1078.103
2150	1077.849
2151	1078.373
2152	1078.531
2153	1078.23
2154	1078.547
2155	1078.071
2156	1078.516
2157	1078.436
2158	1078.246
2159	1078.024
2160	1078.341
2161	1077.801
2162	1078.436
2163	1078.452
2164	1078.531
2165	1078.214
2166	1078.293
2167	1077.77
2168	1078.008
2169	1078.087
2170	1077.865
2171	1078.182
2172	1078.341
2173	1078.262
2174	1077.928
2175	1078.182
2176	1078.357
2177	1077.706
2178	1078.055
2179	1078.436
2180	1078.42
2181	1077.547
2182	1077.881
2183	1077.563
2184	1078.04
2185	1078.024
2186	1077.627
2187	1077.976
2188	1078.04
2189	1077.96
2190	1078.024
2191	1077.802
2192	1077.69
2193	1077.389
2194	1077.674
2195	1077.928
2196	1077.627
2197	1078.198
2198	1078.103
2199	1077.706
2200	1077.722
2201	1078.278
2202	1077.976
2203	1077.801
2204	1078.278
2205	1077.5
2206	1077.405
2207	1077.373
2208	1077.865
2209	1077.214
2210	1077.341
2211	1077.421
2212	1077.325
2213	1077.452
2214	1077.357
2215	1077.516
2216	1077.389
2217	1077.421
2218	1077.706
2219	1077.944
2220	1077.643
2221	1077.294
2222	1077.373
2223	1077.611
2224	1078.119
2225	1077.928
2226	1077.516
2227	1077.167
2228	1077.674
2229	1077.484
2230	1077.135
2231	1077.722
2232	1077.294
2233	1076.976
2234	1077.182
2235	1077.23
2236	1076.913
2237	1076.913
2238	1077.405
2239	1077.389
2240	1076.833
2241	1076.913
2242	1076.897
2243	1076.818
2244	1077.151
2245	1076.944
2246	1076.96
2247	1076.643
2248	1076.389
2249	1077.309
2250	1077.373
2251	1077.389
2252	1076.627
2253	1077.024
2254	1076.595
2255	1076.532
2256	1076.484
2257	1076.484
2258	1076.802
2259	1076.818
2260	1077.278
2261	1076.595
2262	1076.754
2263	1077.008
2264	1076.453
2265	1076.516
2266	1076.611
2267	1076.897
2268	1076.754
2269	1077.135
2270	1076.659
2271	1076.818
2272	1076.865
2273	1076.722
2274	1076.833
2275	1077.167
2276	1076.595
2277	1076.611
2278	1076.341
2279	1076.96
2280	1077.516
2281	1076.77
2282	1076.611
2283	1076.484
2284	1076.754
2285	1076.214
2286	1076.405
2287	1076.627
2288	1076.421
2289	1076.691
2290	1076.913
2291	1077.325
2292	1076.468
2293	1076.564
2294	1076.294
2295	1076.548
2296	1076.468
2297	1076.246
2298	1076.151
2299	1076.453
2300	1076.326
2301	1076.278
2302	1076.5
2303	1076.421
2304	1076.341
2305	1076.183
2306	1075.865
2307	1076.579
2308	1076.278
2309	1076.294
2310	1076.214
2311	1076.183
2312	1076.246
2313	1076.214
2314	1076.548
2315	1076.532
2316	1076.199
2317	1076.437
2318	1076.405
2319	1076.326
2320	1076.833
2321	1075.976
2322	1076.246
2323	1076.341
2324	1075.834
2325	1076.326
2326	1076.183
2327	1075.992
2328	1076.357
2329	1076.199
2330	1076.246
2331	1075.897
2332	1076.214
2333	1076.103
2334	1076.119
2335	1076.373
2336	1075.992
2337	1075.738
2338	1075.849
2339	1076.008
2340	1076.389
2341	1075.707
2342	1076.167
2343	1076.008
2344	1076.04
2345	1076.468
2346	1075.754
2347	1076.04
2348	1075.961
2349	1076.04
2350	1076.326
2351	1075.723
2352	1076.119
2353	1076.23
2354	1076.072
2355	1075.992
2356	1076.278
2357	1075.548
2358	1075.707
2359	1075.945
2360	1076.072
2361	1075.865
2362	1076.088
2363	1075.548
2364	1075.834
2365	1075.802
2366	1075.992
2367	1075.961
2368	1076.072
2369	1075.929
2370	1075.738
2371	1075.77
2372	1075.992
2373	1075.897
2374	1075.5
2375	1075.976
2376	1075.596
2377	1075.865
2378	1076.072
2379	1076.103
2380	1075.945
2381	1075.992
2382	1075.865
2383	1075.342
2384	1075.596
2385	1076.103
2386	1075.691
2387	1075.77
2388	1075.659
2389	1075.738
